App,Package,Start Time,Duration,Filename
"CellMate",edu.berkeley.cs.sdb.cellmate,"Apr 4, 2018 @ 04:43:33 PM","1 min 31 sec",""

Time  [ms],"Mobile Data State",Time  [ms],"CPU1 Load [%]",Time  [ms],"Wi-Fi State",Time  [ms],"CPU2 Load [%]",Time  [ms],"CPU3 Load [%]",Time  [ms],"CPU4 Load [%]",Time  [ms],"Screen Brightness",Time  [ms],"Battery Power* [uW]",Time  [ms],"CPU5 Load [%]",Time  [ms],"CPU6 Load [%]",Time  [ms],"CPU7 Load [%]",Time  [ms],"Battery Status",Time  [ms],"Bluetooth State",Time  [ms],"CPU8 Load [%]",Time  [ms],"GPU Frequency [KHz]",Time  [ms],"GPU Load [%]",Time  [ms],"CPU1 Frequency [kHz]",Time  [ms],"CPU2 Frequency [kHz]",Time  [ms],"CPU3 Frequency [kHz]",Time  [ms],"CPU4 Frequency [kHz]",Time  [ms],"CPU5 Frequency [kHz]",Time  [ms],"CPU6 Frequency [kHz]",Time  [ms],"CPU7 Frequency [kHz]",Time  [ms],"CPU8 Frequency [kHz]",
0,0,0,15,2,3,2,6,4,7,6,4,5,104,7,880844,7,0,8,0,11,5,8,0,15,2,14,2,15,266666,16,30,17,1401600,17,1401600,18,1401600,18,1401600,18,0,18,0,19,883200,19,883200,
79,0,101,44,80,3,103,33,104,30,106,11,105,104,109,1494211,108,38,111,50,112,44,80,0,113,2,113,40,113,550000,113,30,113,691200,114,691200,114,691200,114,691200,114,1804800,114,1804800,114,1804800,115,1804800,
101,0,200,0,103,3,201,0,202,0,203,0,202,104,204,3591574,204,33,205,60,206,12,111,0,207,2,207,50,207,550000,208,42,208,691200,208,691200,208,691200,208,691200,208,1804800,209,1804800,209,1804800,209,1804800,
200,0,300,0,201,3,301,0,302,0,303,0,302,104,305,4160367,304,27,306,66,307,10,205,0,308,2,308,30,308,550000,308,42,309,691200,309,691200,309,691200,309,691200,309,1804800,309,1804800,309,1804800,310,1804800,
300,0,401,0,301,3,402,0,403,0,404,0,403,104,405,3763829,405,0,406,50,407,11,306,0,408,2,407,66,408,550000,408,42,408,691200,408,691200,408,691200,409,691200,409,1804800,409,1804800,409,1804800,409,1804800,
401,0,501,0,402,3,502,0,503,0,504,0,504,104,506,4049705,505,10,506,100,507,18,406,0,508,2,508,0,509,550000,509,42,509,691200,510,691200,510,691200,510,691200,510,1804800,510,1804800,510,1804800,510,1804800,
501,0,601,0,502,3,602,0,603,0,604,0,603,104,605,4455464,605,63,605,40,606,11,507,0,607,2,607,0,607,550000,608,0,608,691200,608,691200,608,691200,608,691200,608,1804800,609,1804800,609,1804800,609,1804800,
601,0,702,0,602,3,703,0,704,0,705,0,704,104,706,1145974,706,50,707,20,708,37,605,0,709,2,709,9,709,550000,709,0,709,691200,710,691200,710,691200,710,691200,710,1804800,710,1804800,710,1804800,710,1804800,
702,0,802,0,703,3,803,0,804,0,805,0,804,104,806,1376519,806,60,807,30,807,20,707,0,808,2,808,0,808,550000,809,0,809,691200,809,691200,809,691200,809,691200,809,1804800,810,1804800,810,1804800,810,1804800,
802,0,902,0,803,3,903,0,904,0,905,0,905,104,906,1505624,906,90,907,10,908,11,807,0,910,2,909,0,910,550000,910,0,911,691200,911,691200,911,691200,912,1401600,912,1804800,912,1804800,912,1804800,912,1804800,
902,0,1003,0,903,3,1004,0,1004,0,1005,0,1005,104,1006,712549,1006,33,1007,45,1008,55,907,0,1009,2,1009,50,1009,550000,1010,0,1010,691200,1010,691200,1010,691200,1010,691200,1010,1804800,1011,1804800,1011,1804800,1011,1804800,
1003,0,1103,0,1004,3,1104,0,1105,0,1106,0,1105,104,1107,1597842,1107,0,1108,40,1108,72,1007,0,1109,2,1109,20,1110,550000,1110,0,1110,691200,1110,691200,1110,691200,1111,691200,1111,1804800,1111,1804800,1111,1804800,1111,1804800,
1103,0,1203,0,1104,3,1204,0,1205,0,1206,0,1205,104,1207,1736170,1207,33,1208,30,1209,55,1108,0,1210,2,1210,20,1210,550000,1210,0,1211,691200,1211,691200,1211,691200,1211,691200,1211,1804800,1212,1804800,1212,1804800,1212,1804800,
1203,0,1306,0,1204,3,1307,0,1308,0,1309,0,1308,104,1310,1459515,1310,30,1311,11,1311,30,1208,0,1312,2,1312,30,1312,550000,1313,0,1313,691200,1313,691200,1313,691200,1313,691200,1313,1804800,1313,1804800,1314,1804800,1314,1804800,
1307,0,1407,0,1307,3,1408,0,1408,0,1409,0,1409,104,1410,869320,1410,0,1411,11,1412,0,1311,0,1412,2,1412,0,1413,550000,1413,0,1413,691200,1413,691200,1413,691200,1413,691200,1414,1804800,1414,1804800,1414,1804800,1414,1804800,
1407,0,1508,10,1408,3,1509,9,1511,0,1513,0,1512,104,1516,814956,1515,50,1517,33,1519,30,1328,0,1520,2,1520,33,1520,550000,1520,0,1520,1401600,1521,1401600,1521,1401600,1521,1401600,1521,1804800,1521,1804800,1521,1804800,1522,1804800,
1508,0,1607,33,1510,3,1608,22,1609,20,1612,0,1609,104,1615,2133191,1614,63,1615,75,1616,80,1411,0,1617,2,1617,70,1617,550000,1618,0,1619,1305600,1619,1305600,1620,1305600,1620,1305600,1620,1804800,1620,1804800,1620,1804800,1620,1804800,
1607,0,1708,22,1609,3,1709,20,1710,27,1711,25,1710,104,1712,3255121,1712,50,1713,55,1714,50,1517,0,1715,2,1715,90,1715,550000,1715,0,1715,1401600,1716,1401600,1716,1401600,1716,1401600,1716,1804800,1716,1804800,1716,1804800,1717,1804800,
1708,0,1810,30,1709,3,1813,36,1814,20,1816,18,1815,104,1817,3331721,1817,75,1818,72,1819,77,1616,0,1820,2,1820,63,1821,550000,1821,0,1821,1401600,1821,1401600,1821,1401600,1822,1401600,1822,1804800,1822,1804800,1822,1804800,1822,1804800,
1811,0,1910,12,1814,3,1912,0,1913,0,1914,0,1914,104,1915,2878275,1915,69,1916,37,1916,60,1713,0,1917,2,1917,50,1918,550000,1918,0,1918,691200,1918,691200,1918,691200,1919,691200,1919,1804800,1919,1804800,1919,1804800,1919,1804800,
1911,0,2010,20,1913,3,2012,20,2012,0,2013,0,2013,104,2014,2110960,2014,50,2015,60,2016,50,1818,0,2018,2,2018,44,2018,550000,2019,0,2019,691200,2019,691200,2019,691200,2019,691200,2019,1804800,2019,1804800,2020,1804800,2020,1804800,
2011,0,2112,25,2012,3,2116,22,2120,40,2123,41,2121,104,2125,2138735,2124,27,2126,10,2128,0,1916,0,2130,2,2129,0,2130,550000,2130,0,2131,1401600,2132,1401600,2132,1401600,2132,1401600,2133,883200,2133,883200,2133,0,2133,0,
2114,0,2215,80,2116,3,2217,70,2221,72,2226,70,2224,104,2232,2004579,2231,0,2233,0,2234,0,2015,0,2235,2,2235,0,2235,432000,2235,0,2236,1401600,2236,1401600,2237,1401600,2237,1401600,2237,883200,2238,883200,2238,0,2238,0,
2215,0,2314,72,2217,3,2317,63,2320,80,2326,66,2324,104,2330,2004586,2330,33,2332,0,2332,0,2127,0,2332,2,2332,0,2332,300000,2333,27,2333,1305600,2333,1305600,2333,1305600,2333,1305600,2333,1612800,2333,1612800,2334,0,2334,0,
2315,0,2413,81,2318,3,2416,83,2425,83,2428,72,2425,104,2430,2773777,2429,33,2432,50,2432,0,2234,0,2433,2,2433,0,2433,266666,2434,27,2434,1305600,2435,1305600,2435,1305600,2435,1305600,2435,1612800,2436,1612800,2436,0,2436,0,
2414,0,2514,63,2416,3,2517,58,2524,62,2527,70,2524,104,2529,2538070,2529,12,2531,90,2532,0,2332,0,2533,2,2533,0,2533,266666,2534,27,2534,1401600,2535,1401600,2535,1401600,2535,1401600,2535,883200,2536,883200,2536,0,2536,0,
2515,0,2615,66,2518,3,2617,50,2619,62,2622,50,2620,104,2624,2342332,2624,0,2626,0,2628,0,2432,0,2629,2,2628,0,2629,266666,2630,27,2630,1401600,2631,1401600,2631,1401600,2632,1401600,2632,883200,2633,883200,2633,0,2634,0,
2615,0,2716,63,2617,3,2724,81,2726,70,2728,66,2727,104,2730,2482870,2730,30,2732,0,2733,0,2531,0,2733,2,2733,0,2733,266666,2734,27,2734,1401600,2735,1401600,2735,1401600,2736,1401600,2736,883200,2736,883200,2736,0,2737,0,
2717,0,2817,55,2724,3,2821,44,2825,42,2827,50,2825,104,2830,1937424,2829,27,2832,10,2833,0,2627,0,2833,2,2833,0,2834,266666,2834,27,2834,1401600,2835,1401600,2835,1401600,2835,1401600,2836,1382400,2836,1382400,2836,0,2836,0,
2818,0,2918,50,2821,3,2920,60,2922,14,2924,33,2923,104,2926,1831336,2926,20,2928,0,2929,0,2732,0,2929,2,2929,0,2929,266666,2930,27,2930,1401600,2931,1401600,2931,1401600,2932,1401600,2932,883200,2932,883200,2933,0,2933,0,
2918,0,3019,72,2920,3,3021,69,3024,71,3027,77,3024,104,3031,2450606,3031,0,3033,0,3034,0,2832,0,3035,2,3035,0,3035,266666,3036,27,3036,1401600,3036,1401600,3037,1401600,3037,1401600,3038,883200,3038,883200,3038,0,3039,0,
3019,0,3123,81,3022,3,3125,66,3127,76,3129,69,3127,104,3132,2468700,3131,0,3134,0,3135,0,2928,0,3135,2,3135,0,3136,266666,3136,27,3137,1401600,3137,1401600,3137,1401600,3138,1401600,3138,883200,3138,883200,3138,0,3139,0,
3123,0,3225,63,3125,3,3253,66,3258,58,3301,47,3259,104,3306,2185233,3304,23,3308,5,3308,0,3034,0,3309,2,3309,0,3309,266666,3310,43,3311,1190400,3312,1305600,3313,1305600,3313,1305600,3315,1382400,3316,1804800,3316,0,3317,0,
3226,0,3326,75,3254,3,3329,87,3331,80,3333,80,3331,104,3335,2718051,3335,0,3337,0,3338,0,3134,0,3339,2,3338,0,3339,266666,3340,43,3341,1401600,3341,1401600,3341,1401600,3342,1401600,3342,883200,3342,883200,3342,0,3343,0,
3327,0,3425,62,3329,3,3427,60,3428,70,3430,63,3429,104,3433,2563634,3433,9,3435,0,3436,0,3308,0,3437,2,3436,0,3437,266666,3437,43,3438,1401600,3438,1401600,3438,1401600,3439,1401600,3439,883200,3439,883200,3439,0,3440,0,
3425,0,3526,55,3427,3,3528,50,3529,54,3532,50,3530,104,3534,2491018,3534,80,3536,0,3536,0,3337,0,3537,2,3537,0,3537,266666,3538,43,3538,1401600,3538,1401600,3538,1401600,3539,1401600,3539,1382400,3539,1382400,3540,0,3540,0,
3526,0,3628,44,3528,3,3629,50,3632,60,3635,54,3633,104,3637,2478231,3637,38,3639,0,3640,0,3436,0,3640,2,3640,0,3641,266666,3641,43,3642,1401600,3642,1401600,3643,1401600,3643,1401600,3643,883200,3644,883200,3644,0,3645,0,
3628,0,3727,72,3630,3,3729,50,3731,63,3734,63,3732,104,3737,2495450,3736,0,3738,0,3739,0,3536,0,3740,2,3740,0,3740,266666,3741,43,3741,1401600,3742,1401600,3742,1401600,3742,1401600,3743,883200,3743,883200,3743,0,3743,0,
3728,0,3828,75,3729,3,3830,63,3832,75,3833,64,3832,104,3835,2728057,3835,20,3836,0,3837,0,3639,0,3837,2,3837,0,3838,266666,3838,43,3838,1401600,3839,1401600,3839,1401600,3839,1401600,3840,1382400,3840,1382400,3840,0,3840,0,
3828,0,3929,60,3830,3,3930,63,3932,54,3934,50,3933,104,3936,2663574,3936,50,3937,0,3938,0,3738,0,3939,2,3939,0,3939,266666,3940,43,3940,1401600,3941,1401600,3941,1401600,3941,1401600,3942,883200,3942,883200,3943,0,3943,0,
3929,0,4029,70,3930,3,4034,70,4037,70,4039,50,4037,104,4041,2593790,4040,9,4042,0,4043,0,3836,0,4043,2,4043,0,4043,266666,4044,43,4044,1401600,4045,1401600,4045,1401600,4046,1401600,4046,883200,4046,883200,4046,0,4047,0,
4030,0,4130,60,4034,3,4133,72,4136,63,4138,37,4137,104,4141,2398948,4141,0,4143,0,4143,0,3938,0,4144,2,4144,0,4145,266666,4145,43,4146,1401600,4146,1401600,4146,1401600,4147,1401600,4147,883200,4147,883200,4148,0,4148,0,
4130,0,4232,80,4134,3,4233,55,4235,55,4236,72,4235,104,4237,2652011,4237,25,4238,0,4239,0,4042,0,4239,2,4239,0,4239,266666,4239,43,4240,1382400,4240,1382400,4240,1382400,4240,1382400,4240,883200,4241,883200,4241,0,4241,0,
4232,0,4331,70,4234,3,4333,60,4335,66,4338,63,4335,104,4340,2578575,4340,18,4342,9,4342,0,4143,0,4343,2,4343,0,4343,266666,4343,41,4344,1401600,4344,1401600,4344,1401600,4344,1401600,4344,883200,4345,883200,4345,0,4345,0,
4331,0,4431,54,4333,3,4434,69,4436,63,4439,58,4437,104,4441,2460773,4441,0,4443,0,4443,0,4238,0,4444,2,4444,0,4444,266666,4444,41,4445,1401600,4445,1401600,4445,1401600,4445,1401600,4445,883200,4446,883200,4446,0,4446,0,
4432,0,4532,66,4434,3,4534,50,4537,50,4539,55,4538,104,4541,2296087,4541,0,4543,0,4543,0,4342,0,4544,2,4544,0,4544,266666,4545,41,4545,1401600,4545,1401600,4546,1401600,4546,1401600,4546,883200,4546,883200,4547,0,4547,0,
4532,0,4633,70,4535,3,4636,55,4639,62,4641,37,4639,104,4643,2314181,4643,0,4645,0,4645,0,4443,0,4646,2,4646,0,4646,266666,4646,41,4647,1401600,4647,1401600,4647,1401600,4648,1401600,4648,883200,4648,883200,4649,0,4649,0,
4633,0,4738,72,4636,3,4740,75,4742,55,4744,58,4742,104,4745,2531310,4745,0,4747,0,4748,0,4543,0,4748,2,4748,0,4748,266666,4749,41,4749,1401600,4750,1401600,4750,1401600,4750,1401600,4750,883200,4751,883200,4751,0,4751,0,
4738,0,4839,50,4740,3,4841,70,4843,55,4845,66,4843,104,4847,2416714,4847,0,4849,0,4849,0,4645,0,4850,2,4850,0,4850,266666,4851,41,4852,1401600,4852,1401600,4853,1401600,4854,1401600,4855,883200,4855,883200,4856,0,4856,0,
4839,0,4939,70,4841,3,4941,72,4943,44,4945,54,4943,104,4954,2497230,4951,30,4956,9,4956,0,4747,0,4961,2,4960,0,4961,266666,4962,41,4962,1401600,4962,1401600,4963,1401600,4963,1401600,4963,1382400,4964,1382400,4964,0,4964,0,
4939,0,5039,63,4942,3,5041,58,5043,60,5045,70,5044,104,5047,2765915,5047,40,5048,11,5049,0,4849,0,5050,2,5049,0,5050,266666,5051,41,5051,1401600,5052,1401600,5052,1401600,5052,1401600,5053,883200,5054,883200,5055,0,5055,0,
5040,0,5140,71,5042,3,5142,66,5144,54,5145,60,5144,104,5147,2508762,5146,0,5148,10,5149,0,4956,0,5149,2,5149,0,5150,266666,5150,41,5150,1401600,5151,1401600,5151,1401600,5151,1401600,5152,883200,5152,883200,5152,0,5152,0,
5140,0,5241,66,5142,3,5243,70,5245,60,5247,40,5245,104,5249,2415407,5248,0,5250,0,5251,0,5048,0,5251,2,5251,0,5252,266666,5252,41,5253,1401600,5254,1401600,5254,1401600,5255,1401600,5255,1382400,5255,1382400,5256,0,5256,0,
5241,0,5342,66,5243,3,5344,75,5345,66,5347,44,5346,104,5348,2671585,5348,33,5350,30,5350,0,5148,0,5351,2,5351,0,5351,266666,5352,40,5352,1401600,5353,1401600,5354,1401600,5354,1401600,5354,998400,5355,998400,5355,0,5356,0,
5342,0,5442,37,5344,3,5444,44,5445,33,5447,33,5446,104,5449,1936243,5449,0,5450,33,5451,0,5250,0,5452,2,5452,0,5452,266666,5453,40,5453,1401600,5454,1401600,5454,1401600,5455,1401600,5455,883200,5455,883200,5456,0,5456,0,
5442,0,5543,55,5444,3,5544,44,5546,50,5548,66,5546,104,5549,2336841,5549,0,5551,0,5552,0,5350,0,5552,2,5552,0,5552,266666,5553,40,5554,1401600,5554,1401600,5555,1401600,5556,1401600,5556,883200,5556,883200,5557,0,5557,0,
5543,0,5643,57,5545,3,5645,62,5646,55,5649,54,5647,104,5651,2346012,5650,9,5653,0,5654,0,5451,0,5654,2,5654,0,5655,266666,5656,40,5657,1401600,5657,1401600,5658,1401600,5659,1401600,5661,883200,5663,883200,5664,0,5664,0,
5643,0,5744,72,5645,3,5746,50,5748,62,5750,50,5748,104,5752,2587027,5752,80,5754,33,5755,0,5551,0,5763,2,5758,0,5763,266666,5764,40,5764,1401600,5765,1401600,5765,1401600,5766,1401600,5766,1804800,5766,1804800,5767,0,5767,0,
5744,0,5845,66,5746,3,5847,72,5849,60,5852,63,5850,104,5854,3229162,5854,44,5857,40,5858,0,5653,0,5858,2,5858,0,5859,266666,5860,40,5860,1401600,5861,1401600,5861,1401600,5862,1401600,5863,1804800,5863,1804800,5864,0,5864,0,
5845,0,5944,60,5847,3,5946,50,5948,55,5950,33,5948,104,5951,2922960,5951,45,5953,20,5954,0,5754,0,5956,2,5955,0,5956,266666,5957,40,5958,1401600,5959,1401600,5959,1401600,5960,1401600,5960,883200,5962,883200,5962,0,5963,0,
5945,0,6046,66,5946,3,6048,63,6050,77,6052,60,6050,104,6054,2664635,6054,20,6057,60,6059,0,5857,0,6062,2,6061,0,6062,266666,6063,40,6063,1401600,6064,1401600,6064,1401600,6064,1401600,6064,1382400,6065,1382400,6065,0,6065,0,
6046,0,6147,60,6048,3,6149,50,6151,55,6153,50,6151,104,6156,2595380,6155,0,6158,36,6159,0,5953,0,6160,2,6160,0,6161,266666,6165,40,6165,1401600,6166,1401600,6166,1401600,6166,1401600,6167,883200,6167,883200,6168,0,6168,0,
6148,0,6247,55,6149,3,6249,70,6259,55,6264,60,6261,104,6266,2582827,6266,30,6267,0,6269,0,6057,0,6270,2,6270,0,6270,266666,6271,40,6272,1382400,6272,1382400,6273,1382400,6273,1382400,6273,1612800,6273,1612800,6273,0,6274,0,
6248,0,6349,70,6249,3,6352,63,6355,63,6359,37,6356,104,6362,2661550,6362,45,6365,0,6366,0,6159,0,6368,2,6367,0,6369,266666,6371,40,6371,1401600,6373,1401600,6374,1401600,6375,1401600,6375,883200,6375,883200,6376,0,6377,0,
6350,0,6448,81,6352,3,6450,66,6452,63,6455,60,6453,104,6457,2732034,6457,55,6461,20,6462,0,6268,0,6463,2,6462,0,6463,266666,6463,40,6464,1401600,6464,1401600,6465,1401600,6465,1401600,6465,1382400,6465,1382400,6466,0,6466,0,
6449,0,6549,66,6450,3,6551,61,6553,76,6556,50,6554,104,6559,2765615,6559,30,6562,50,6562,0,6365,0,6563,2,6563,0,6563,266666,6564,40,6565,1401600,6566,1401600,6567,1401600,6567,1401600,6567,883200,6567,883200,6568,0,6568,0,
6550,0,6650,50,6551,3,6651,40,6653,33,6656,33,6654,104,6661,2030034,6661,0,6665,60,6666,0,6461,0,6667,2,6667,0,6667,266666,6668,40,6669,1401600,6669,1401600,6669,1401600,6670,1401600,6670,1382400,6670,1382400,6670,0,6670,0,
6650,0,6749,62,6652,3,6750,50,6751,66,6752,55,6751,104,6753,2880814,6753,30,6754,66,6754,0,6562,0,6754,2,6754,0,6754,266666,6755,40,6755,1401600,6755,1401600,6755,1401600,6756,1401600,6756,1804800,6756,1804800,6756,0,6756,0,
6750,0,6851,70,6750,3,6853,54,6855,55,6859,40,6856,104,6862,3363160,6862,53,6864,0,6865,0,6666,0,6865,2,6865,0,6866,266666,6866,40,6867,1305600,6867,1305600,6867,1305600,6867,1305600,6867,940800,6868,940800,6868,0,6868,0,
6852,0,6952,50,6854,3,6953,42,6956,66,6960,50,6957,104,6964,2290415,6964,72,6966,0,6968,0,6754,0,6969,2,6969,0,6969,266666,6970,40,6971,1401600,6972,1401600,6972,1401600,6972,1401600,6972,998400,6973,998400,6973,0,6973,0,
6952,0,7053,80,6954,3,7054,66,7056,69,7059,61,7057,104,7062,2609553,7062,0,7066,22,7066,0,6864,0,7067,2,7067,0,7067,266666,7068,40,7068,1401600,7069,1401600,7069,1401600,7069,1401600,7069,883200,7070,883200,7070,0,7070,0,
7053,0,7153,69,7055,3,7154,63,7155,55,7157,50,7156,104,7158,2469531,7158,11,7159,0,7159,0,6966,0,7160,2,7160,0,7160,266666,7161,40,7161,1401600,7162,1401600,7162,1401600,7163,1401600,7163,883200,7163,883200,7163,0,7163,0,
7153,0,7253,60,7154,3,7256,54,7260,50,7265,72,7260,104,7267,2541392,7267,60,7269,9,7270,0,7066,0,7271,2,7271,0,7272,266666,7272,40,7273,1401600,7273,1401600,7273,1401600,7273,1401600,7273,883200,7274,883200,7274,0,7274,0,
7254,0,7354,50,7256,3,7356,63,7361,44,7365,44,7362,104,7370,2341833,7369,55,7373,41,7375,0,7159,0,7377,2,7376,0,7377,266666,7378,41,7378,1401600,7378,1401600,7379,1401600,7379,1401600,7379,1382400,7380,1382400,7380,0,7380,0,
7354,0,7471,63,7356,3,7473,60,7475,66,7476,50,7475,104,7478,2699435,7478,9,7479,50,7480,0,7270,0,7481,2,7480,0,7481,266666,7482,41,7482,1401600,7482,1401600,7483,1401600,7483,1401600,7483,883200,7483,883200,7483,0,7484,0,
7471,0,7559,77,7473,3,7562,33,7564,70,7569,66,7566,104,7571,2622849,7571,11,7573,50,7574,0,7374,0,7575,2,7574,0,7575,266666,7576,41,7577,1401600,7577,1401600,7577,1401600,7577,1401600,7578,1190400,7578,1190400,7578,0,7578,0,
7559,0,7664,66,7562,3,7667,63,7669,60,7671,45,7669,104,7673,2975056,7673,80,7674,0,7675,0,7479,0,7675,2,7675,0,7675,266666,7676,41,7676,1401600,7676,1401600,7677,1401600,7677,1401600,7677,1612800,7677,1612800,7678,0,7678,0,
7665,0,7765,71,7667,3,7767,50,7769,60,7771,40,7769,104,7773,2379923,7772,11,7774,40,7775,0,7573,0,7775,2,7775,0,7775,266666,7776,41,7776,1401600,7777,1401600,7777,1401600,7777,1401600,7777,1382400,7777,1382400,7778,0,7778,0,
7765,0,7863,72,7767,3,7866,25,7869,60,7873,37,7870,104,7875,2369067,7874,0,7876,80,7877,0,7674,0,7878,2,7878,0,7878,266666,7878,41,7879,1401600,7880,1401600,7881,1401600,7881,1401600,7881,1612800,7882,1612800,7885,0,7885,0,
7864,0,7963,66,7866,3,7966,50,7967,42,7968,50,7967,104,7969,2995067,7969,22,7970,20,7970,0,7774,0,7971,2,7971,0,7971,266666,7972,41,7972,1401600,7972,1401600,7972,1401600,7973,1401600,7973,940800,7973,940800,7973,0,7973,0,
7964,0,8065,50,7966,3,8067,54,8069,44,8072,44,8070,104,8074,2213438,8074,9,8076,77,8077,0,7876,0,8077,2,8077,0,8078,266666,8078,41,8079,1401600,8080,1401600,8080,1401600,8080,1401600,8081,1612800,8081,1612800,8082,0,8082,0,
8065,0,8164,62,8067,3,8165,66,8167,40,8169,50,8168,104,8170,2864845,8170,0,8171,22,8172,0,7970,0,8172,2,8172,0,8172,266666,8173,41,8173,1305600,8173,1305600,8173,1305600,8174,1305600,8174,883200,8174,883200,8174,0,8175,0,
8164,0,8273,64,8165,3,8275,57,8276,58,8278,40,8277,104,8282,2225203,8282,8,8283,50,8284,0,8076,0,8284,2,8284,0,8285,266666,8286,41,8286,1305600,8287,1305600,8287,1305600,8287,1305600,8287,883200,8287,883200,8288,0,8288,0,
8273,0,8367,66,8275,3,8369,37,8372,55,8376,44,8374,104,8379,2191651,8378,0,8381,77,8382,0,8171,0,8383,2,8383,0,8383,266666,8383,33,8384,1401600,8384,1401600,8384,1401600,8384,1401600,8385,1612800,8385,1612800,8385,0,8385,0,
8368,0,8468,66,8370,3,8473,63,8475,54,8478,54,8476,104,8483,2833375,8481,0,8484,30,8485,0,8283,0,8486,2,8485,0,8486,266666,8487,33,8487,1305600,8487,1305600,8488,1305600,8488,1305600,8489,883200,8489,883200,8490,0,8490,0,
8472,0,8568,72,8474,3,8569,66,8570,66,8572,72,8571,104,8574,2500484,8573,40,8575,11,8575,0,8382,0,8575,2,8575,0,8576,266666,8576,33,8576,1401600,8576,1401600,8576,1401600,8576,1401600,8576,1804800,8577,1804800,8577,0,8577,0,
8568,0,8671,55,8569,3,8673,50,8675,54,8678,55,8676,104,8680,2209242,8680,0,8682,36,8683,0,8484,0,8684,2,8684,0,8684,266666,8684,33,8685,1305600,8685,1305600,8685,1305600,8685,1305600,8686,883200,8686,883200,8686,0,8686,0,
8672,0,8770,55,8674,3,8773,50,8775,60,8777,44,8775,104,8780,2042770,8779,0,8782,80,8783,0,8575,0,8783,2,8783,0,8784,266666,8784,33,8785,1305600,8785,1305600,8786,1305600,8786,1305600,8786,998400,8786,998400,8787,0,8787,0,
8770,0,8870,55,8773,3,8872,55,8874,55,8876,44,8875,104,8879,2333420,8878,33,8881,40,8882,0,8683,0,8883,2,8883,0,8883,266666,8884,33,8884,1401600,8885,1401600,8885,1401600,8885,1401600,8886,1612800,8886,1612800,8886,0,8886,0,
8871,0,8971,62,8873,3,8972,44,8973,50,8974,55,8973,104,8976,3004281,8976,80,8977,10,8977,0,8782,0,8977,2,8977,0,8977,266666,8978,33,8978,1401600,8978,1401600,8978,1401600,8978,1401600,8978,1804800,8978,1804800,8978,0,8979,0,
8971,0,9073,71,8972,3,9076,70,9079,63,9082,54,9079,104,9085,3000265,9085,58,9087,25,9087,0,8881,0,9088,2,9088,0,9088,266666,9088,33,9089,1401600,9089,1401600,9089,1401600,9089,1401600,9090,1804800,9090,1804800,9090,0,9090,0,
9074,0,9173,69,9077,3,9175,63,9176,40,9179,58,9177,104,9182,2803721,9181,40,9184,30,9185,0,8977,0,9186,2,9186,0,9186,266666,9187,33,9188,1401600,9188,1401600,9188,1401600,9188,1401600,9189,1804800,9189,1804800,9189,0,9189,0,
9173,0,9277,66,9175,3,9279,62,9283,50,9285,54,9284,104,9287,2576017,9287,9,9289,70,9289,0,9087,0,9290,2,9290,0,9290,266666,9290,33,9290,1401600,9291,1401600,9291,1401600,9292,1401600,9292,1382400,9292,1382400,9292,0,9293,0,
9277,0,9374,62,9280,3,9376,58,9378,44,9381,37,9379,104,9384,2442090,9383,0,9385,44,9386,0,9185,0,9386,2,9386,0,9386,266666,9387,44,9387,1401600,9387,1401600,9388,1401600,9388,1401600,9388,883200,9388,883200,9389,0,9389,0,
9374,0,9475,60,9376,3,9477,55,9480,71,9483,50,9480,104,9485,2620195,9485,18,9487,0,9487,0,9289,0,9488,2,9488,0,9488,266666,9489,44,9489,1401600,9490,1401600,9490,1401600,9490,1401600,9491,1382400,9491,1382400,9491,0,9492,0,
9475,0,9576,55,9477,3,9578,70,9579,80,9583,63,9581,104,9585,2929118,9585,50,9591,20,9591,0,9385,0,9592,2,9592,0,9592,266666,9594,44,9594,1401600,9595,1401600,9595,1401600,9596,1401600,9596,1382400,9597,1382400,9597,0,9598,0,
9576,0,9677,60,9578,3,9678,66,9682,66,9685,60,9682,104,9687,2655747,9687,0,9692,72,9693,0,9487,0,9694,2,9694,0,9694,266666,9695,44,9697,1401600,9700,1401600,9700,1401600,9701,1401600,9702,1382400,9702,1382400,9703,0,9703,0,
9677,0,9779,70,9679,3,9781,60,9784,70,9787,72,9785,104,9789,3277505,9789,33,9790,60,9791,0,9591,0,9792,2,9791,0,9792,266666,9793,44,9793,1401600,9793,1401600,9794,1401600,9798,1401600,9798,1804800,9799,1804800,9800,0,9800,0,
9779,0,9879,69,9782,3,9882,54,9885,55,9888,37,9886,104,9890,3513508,9890,70,9892,11,9892,0,9693,0,9893,2,9893,0,9893,266666,9894,44,9895,1401600,9896,1401600,9896,1401600,9896,1401600,9897,1804800,9897,1804800,9898,0,9899,0,
9879,0,9984,55,9882,3,9986,60,9989,50,9994,50,9990,104,9996,2877203,9996,50,9998,40,10000,0,9791,0,10004,2,10003,0,10005,266666,10006,44,10007,1305600,10007,1305600,10007,1305600,10008,1305600,10008,1382400,10009,1382400,10009,0,10009,0,
9984,0,10083,75,9986,3,10086,72,10089,72,10092,66,10090,104,10094,2960387,10093,30,10097,63,10097,0,9892,0,10098,2,10098,0,10099,266666,10101,44,10102,1401600,10103,1401600,10104,1401600,10104,1401600,10105,1804800,10107,1804800,10108,0,10108,0,
10084,0,10182,70,10086,3,10183,63,10184,63,10186,42,10184,104,10188,3440128,10188,44,10189,55,10189,0,9999,0,10189,2,10189,0,10189,266666,10190,44,10190,1401600,10190,1401600,10190,1401600,10190,1401600,10190,1804800,10191,1804800,10191,0,10191,0,
10182,0,10283,77,10183,3,10284,44,10285,44,10287,45,10286,104,10288,3252806,10288,50,10289,0,10289,0,10097,0,10289,2,10289,0,10289,266666,10290,44,10290,1401600,10290,1401600,10290,1401600,10290,1401600,10290,1382400,10291,1382400,10291,0,10291,0,
10283,0,10384,60,10284,3,10387,40,10390,44,10393,54,10391,104,10395,2265201,10395,9,10405,36,10406,0,10189,0,10407,2,10406,0,10407,266666,10408,37,10408,1401600,10408,1401600,10409,1401600,10409,1401600,10409,1382400,10410,1382400,10410,0,10410,0,
10385,0,10487,72,10388,3,10488,66,10490,60,10491,50,10490,104,10492,2657101,10492,10,10493,11,10494,0,10289,0,10494,2,10494,0,10494,266666,10495,37,10495,1401600,10495,1401600,10495,1401600,10496,1401600,10496,883200,10496,883200,10496,0,10497,0,
10487,0,10587,66,10489,3,10589,70,10591,63,10596,55,10592,104,10599,2531715,10598,27,10610,50,10611,0,10405,0,10612,2,10611,0,10612,266666,10614,37,10615,1401600,10615,1401600,10615,1401600,10616,1401600,10616,1612800,10617,1612800,10617,0,10618,0,
10587,0,10687,70,10589,3,10689,55,10691,42,10693,50,10691,104,10696,2580001,10695,0,10698,50,10699,0,10493,0,10700,2,10700,0,10701,266666,10703,37,10704,1401600,10705,1401600,10705,1401600,10706,1401600,10706,1382400,10707,1382400,10707,0,10707,0,
10687,0,10788,60,10689,3,10791,60,10793,63,10795,55,10793,104,10798,2620370,10798,0,10800,70,10803,0,10611,0,10805,2,10805,0,10806,266666,10808,37,10809,1401600,10809,1401600,10809,1401600,10810,1401600,10810,883200,10810,883200,10811,0,10811,0,
10788,0,10888,70,10791,3,10891,58,10893,58,10895,55,10894,104,10898,2545623,10897,0,10899,100,10900,0,10699,0,10903,2,10903,0,10904,266666,10905,37,10906,1401600,10906,1401600,10906,1401600,10907,1401600,10907,1612800,10907,1612800,10908,0,10908,0,
10889,0,10989,70,10892,3,10993,55,10996,55,11004,44,11002,104,11007,3071886,11007,9,11009,66,11010,0,10800,0,11010,2,11010,0,11010,266666,11011,37,11012,1401600,11012,1401600,11012,1401600,11012,1401600,11012,1612800,11012,1612800,11012,0,11013,0,
10990,0,11093,66,10993,3,11098,54,11103,66,11105,50,11103,104,11108,2816540,11108,0,11110,70,11111,0,10899,0,11112,2,11112,0,11112,266666,11113,37,11113,1401600,11113,1401600,11113,1401600,11113,1401600,11114,1612800,11114,1612800,11114,0,11114,0,
11094,0,11190,69,11098,3,11191,63,11193,50,11195,37,11194,104,11196,2744493,11196,0,11199,37,11200,0,11009,0,11203,2,11203,0,11204,266666,11206,37,11206,1401600,11207,1401600,11207,1401600,11207,1401600,11208,883200,11208,883200,11209,0,11209,0,
11190,0,11290,63,11192,3,11292,60,11294,63,11297,50,11295,104,11299,2550085,11299,45,11301,10,11302,0,11110,0,11303,2,11303,0,11303,266666,11305,37,11307,1401600,11308,1401600,11309,1401600,11310,1401600,11311,1190400,11311,1190400,11312,0,11312,0,
11290,0,11390,37,11293,3,11393,54,11394,55,11396,50,11395,104,11399,2164664,11399,10,11401,33,11402,0,11200,0,11404,2,11403,0,11404,266666,11406,43,11408,1401600,11409,1401600,11410,1401600,11410,1401600,11411,883200,11412,883200,11412,0,11412,0,
11391,0,11492,66,11393,3,11494,60,11496,50,11498,63,11496,104,11506,2565218,11506,10,11508,0,11508,0,11301,0,11510,2,11510,0,11510,266666,11511,43,11512,1401600,11512,1401600,11513,1401600,11513,1401600,11513,883200,11513,883200,11514,0,11514,0,
11492,0,11592,80,11494,3,11594,55,11595,70,11597,80,11596,104,11601,2750344,11600,11,11606,0,11607,0,11401,0,11607,2,11607,0,11608,266666,11609,43,11609,1401600,11609,1401600,11610,1401600,11610,1401600,11610,1382400,11611,1382400,11611,0,11612,0,
11592,0,11703,75,11594,3,11706,55,11717,70,11720,69,11718,104,11724,2710544,11723,15,11726,7,11727,0,11508,0,11727,2,11727,0,11728,266666,11728,43,11729,1401600,11729,1401600,11729,1401600,11730,1401600,11730,883200,11731,883200,11732,0,11732,0,
11704,0,11793,66,11706,3,11795,66,11796,50,11798,60,11797,104,11800,2623700,11800,50,11803,12,11805,0,11532,0,11806,2,11805,0,11806,266666,11807,43,11808,1401600,11809,1401600,11809,1401600,11809,1401600,11810,1612800,11810,1612800,11810,0,11810,0,
11793,0,11893,64,11795,3,11895,44,11896,54,11897,40,11896,104,11898,2614323,11898,40,11899,0,11900,0,11606,0,11900,2,11900,0,11900,266666,11901,43,11901,1401600,11901,1401600,11901,1401600,11902,1401600,11902,1382400,11902,1382400,11902,0,11902,0,
11894,0,11994,55,11895,3,11996,44,11997,57,12000,50,11998,104,12003,2613559,12002,63,12005,9,12007,0,11726,0,12007,2,12007,0,12008,266666,12008,43,12008,1401600,12009,1401600,12009,1401600,12010,1401600,12010,883200,12010,883200,12011,0,12011,0,
11994,0,12095,55,11996,3,12097,55,12099,50,12102,28,12099,104,12107,2211460,12106,18,12109,33,12109,0,11804,0,12110,2,12110,0,12110,266666,12111,43,12112,1401600,12112,1401600,12112,1401600,12113,1401600,12113,883200,12114,883200,12114,0,12115,0,
12095,0,12196,75,12097,3,12197,63,12204,75,12207,60,12205,104,12215,2827982,12214,30,12217,9,12217,0,11899,0,12218,2,12218,0,12218,266666,12219,43,12220,1305600,12221,1305600,12221,1305600,12222,1305600,12222,1804800,12222,1804800,12223,0,12223,0,
12196,0,12246,60,12198,3,12248,50,12250,75,12252,60,12250,104,12255,2582162,12254,20,12257,50,12257,0,12005,0,12258,2,12258,0,12258,266666,12259,43,12259,1305600,12259,1305600,12259,1305600,12260,1305600,12260,1382400,12260,1382400,12261,0,12261,0,
12246,0,12347,62,12248,3,12348,40,12350,60,12352,40,12350,104,12354,2720654,12354,58,12356,0,12356,0,12109,0,12357,2,12357,0,12357,266666,12357,43,12358,1401600,12358,1401600,12358,1401600,12358,1401600,12358,1382400,12359,1382400,12359,0,12359,0,
12347,0,12447,44,12349,3,12449,44,12451,70,12453,41,12451,104,12456,2518279,12456,54,12458,0,12459,0,12217,0,12459,2,12459,0,12460,266666,12460,43,12461,1401600,12461,1401600,12461,1401600,12462,1401600,12462,883200,12462,883200,12462,0,12463,0,
12448,0,12548,53,12449,3,12549,66,12551,50,12554,40,12552,104,12556,2317924,12556,20,12558,0,12559,0,12257,0,12560,2,12559,0,12560,266666,12561,43,12561,1017600,12562,1017600,12562,1017600,12562,1017600,12563,1382400,12563,1382400,12564,0,12564,0,
12548,0,12649,60,12550,3,12651,54,12652,54,12654,63,12653,104,12656,1948589,12656,20,12658,16,12659,0,12356,0,12659,2,12659,0,12659,266666,12660,43,12660,1305600,12660,1305600,12660,1305600,12661,1305600,12661,883200,12661,883200,12661,0,12661,0,
12649,0,12750,50,12651,3,12753,50,12754,63,12757,50,12755,104,12758,2344909,12758,54,12760,9,12761,0,12458,0,12761,2,12761,0,12761,266666,12762,43,12762,1305600,12763,1305600,12763,1305600,12763,1305600,12763,883200,12764,883200,12765,0,12765,0,
12750,0,12850,54,12753,3,12852,63,12854,50,12857,72,12855,104,12860,2403689,12859,33,12861,0,12862,0,12559,0,12862,2,12862,0,12862,266666,12863,43,12863,1401600,12863,1401600,12864,1401600,12864,1401600,12864,883200,12864,883200,12865,0,12865,0,
12851,0,12951,60,12852,3,12953,70,12955,44,12957,54,12955,104,12959,2432520,12959,20,12961,0,12961,0,12658,0,12962,2,12961,0,12962,266666,12962,43,12963,1401600,12963,1401600,12963,1401600,12963,1401600,12963,883200,12964,883200,12964,0,12964,0,
12951,0,13052,63,12953,3,13054,83,13056,55,13057,45,13056,104,13059,2541085,13059,20,13067,0,13075,0,12760,0,13075,2,13075,0,13075,266666,13076,43,13076,1401600,13076,1401600,13076,1401600,13076,1401600,13076,1612800,13077,1612800,13077,0,13077,0,
13052,0,13153,60,13054,3,13155,60,13157,66,13160,50,13158,104,13161,2880361,13161,60,13163,0,13164,0,12862,0,13164,2,13164,0,13164,266666,13165,43,13165,1401600,13165,1401600,13165,1401600,13165,1401600,13166,883200,13166,883200,13166,0,13167,0,
13153,0,13253,66,13155,3,13255,50,13257,60,13259,44,13257,104,13261,2548708,13260,77,13262,10,13263,0,12961,0,13263,2,13263,0,13263,266666,13264,43,13264,1401600,13264,1401600,13265,1401600,13265,1401600,13265,1612800,13265,1612800,13265,0,13266,0,
13254,0,13354,44,13255,3,13357,50,13359,44,13361,40,13360,104,13363,2340005,13363,25,13365,0,13365,0,13074,0,13365,2,13365,0,13366,266666,13366,43,13367,1401600,13367,1401600,13368,1401600,13369,1401600,13369,883200,13370,883200,13370,0,13370,0,
13354,0,13455,62,13357,3,13458,63,13460,55,13462,37,13461,104,13464,2481571,13464,60,13465,0,13466,0,13163,0,13466,2,13466,0,13467,266666,13468,33,13468,1401600,13469,1401600,13469,1401600,13470,1401600,13470,1612800,13471,1612800,13473,0,13473,0,
13455,0,13556,55,13458,3,13558,40,13560,50,13562,45,13561,104,13564,2306014,13564,45,13565,0,13566,0,13262,0,13566,2,13566,0,13566,266666,13567,33,13567,1401600,13568,1401600,13569,1401600,13569,1401600,13569,883200,13570,883200,13570,0,13571,0,
13556,0,13657,62,13558,3,13659,60,13662,72,13663,37,13662,104,13665,2210335,13665,0,13666,0,13667,0,13365,0,13668,2,13668,0,13668,266666,13669,33,13670,1401600,13670,1401600,13670,1401600,13671,1401600,13671,883200,13672,883200,13672,0,13673,0,
13657,0,13757,72,13660,3,13759,63,13760,80,13762,54,13761,104,13764,2465491,13764,9,13766,0,13767,0,13466,0,13767,2,13767,0,13767,266666,13768,33,13769,1401600,13769,1401600,13770,1401600,13772,1401600,13772,883200,13773,883200,13773,0,13774,0,
13757,0,13858,70,13759,3,13859,72,13861,70,13863,75,13861,104,13865,2605789,13865,20,13866,0,13867,0,13566,0,13867,2,13867,0,13868,266666,13869,33,13869,1401600,13871,1401600,13872,1401600,13872,1401600,13872,883200,13873,883200,13873,0,13874,0,
13858,0,13959,72,13860,3,13961,40,13963,54,13965,40,13963,104,13967,2154752,13966,33,13969,0,13969,0,13667,0,13970,2,13970,0,13971,266666,13972,33,13972,1401600,13973,1401600,13973,1401600,13973,1401600,13974,883200,13974,883200,13975,0,13975,0,
13959,0,14059,66,13961,3,14061,55,14062,90,14064,60,14063,104,14066,2711229,14066,90,14067,10,14068,0,13766,0,14069,2,14068,0,14069,266666,14070,33,14071,1401600,14072,1401600,14072,1401600,14072,1401600,14073,1612800,14073,1612800,14074,0,14075,0,
14059,0,14161,44,14061,3,14162,50,14164,54,14165,45,14164,104,14167,2438430,14167,50,14169,0,14169,0,13866,0,14170,2,14170,0,14172,266666,14173,33,14174,1401600,14174,1401600,14175,1401600,14175,1401600,14175,1382400,14176,1382400,14176,0,14176,0,
14161,0,14262,60,14162,3,14264,66,14265,37,14267,54,14266,104,14269,2550383,14269,72,14271,0,14272,0,13969,0,14272,2,14272,0,14273,266666,14274,33,14274,1305600,14276,1305600,14276,1305600,14277,1305600,14278,883200,14278,883200,14279,0,14279,0,
14262,0,14364,55,14264,3,14366,60,14368,60,14370,22,14368,104,14373,1932201,14373,20,14382,18,14383,0,14067,0,14387,2,14384,0,14387,266666,14388,33,14388,1382400,14388,1382400,14388,1382400,14389,1382400,14389,1382400,14389,1382400,14389,0,14390,0,
14365,0,14465,63,14366,3,14467,55,14469,44,14471,60,14469,104,14473,2408918,14473,30,14476,20,14477,0,14169,0,14479,2,14478,0,14479,266666,14480,38,14480,1401600,14481,1401600,14481,1401600,14482,1401600,14482,883200,14482,883200,14483,0,14483,0,
14465,0,14566,69,14467,3,14568,50,14570,60,14576,53,14571,104,14578,2567297,14578,70,14580,9,14581,0,14271,0,14581,2,14581,0,14581,266666,14582,38,14582,1401600,14583,1401600,14583,1401600,14583,1401600,14583,1612800,14584,1612800,14584,0,14584,0,
14566,0,14666,62,14568,3,14668,44,14670,66,14678,66,14671,104,14679,2717296,14679,40,14681,0,14681,0,14382,0,14682,2,14682,0,14682,266666,14682,38,14683,1401600,14683,1401600,14683,1401600,14684,1401600,14684,940800,14684,940800,14684,0,14684,0,
14667,0,14767,60,14668,3,14769,50,14771,50,14777,55,14774,104,14779,2523265,14779,100,14781,0,14782,0,14476,0,14782,2,14782,0,14782,266666,14783,38,14783,1305600,14784,1305600,14784,1305600,14784,1305600,14785,1612800,14785,1612800,14785,0,14785,0,
14767,0,14868,55,14769,3,14870,60,14871,50,14875,80,14872,104,14879,2756940,14879,70,14882,30,14883,0,14580,0,14883,2,14883,0,14884,266666,14884,38,14885,1401600,14885,1401600,14885,1401600,14885,1401600,14886,1612800,14886,1612800,14886,0,14886,0,
14868,0,14970,72,14870,3,14976,87,14978,70,14981,63,14978,104,14983,3279255,14983,50,14985,0,14986,0,14681,0,14986,2,14986,0,14986,266666,14987,38,14987,1401600,14987,1401600,14987,1401600,14988,1401600,14988,883200,14988,883200,14988,0,14988,0,
14970,0,15069,70,14976,3,15072,55,15074,75,15076,60,15074,104,15078,2603470,15078,44,15082,36,15084,0,14781,0,15085,2,15085,0,15086,266666,15086,38,15087,1401600,15087,1401600,15087,1401600,15087,1401600,15088,1382400,15088,1382400,15088,0,15088,0,
15070,0,15170,66,15072,3,15173,63,15175,50,15178,60,15176,104,15180,2562121,15179,0,15181,30,15182,0,14882,0,15182,2,15182,0,15183,266666,15183,38,15183,1401600,15184,1401600,15184,1401600,15184,1401600,15184,883200,15184,883200,15185,0,15185,0,
15171,0,15271,75,15173,3,15273,54,15276,75,15278,50,15276,104,15280,2558628,15280,11,15282,0,15283,0,14985,0,15283,2,15283,0,15283,266666,15284,38,15284,1401600,15284,1401600,15284,1401600,15285,1401600,15285,1382400,15285,1382400,15285,0,15285,0,
15272,0,15373,60,15274,3,15378,60,15381,54,15384,44,15381,104,15386,2518001,15385,50,15387,0,15388,0,15083,0,15388,2,15388,0,15388,266666,15389,38,15389,1401600,15389,1401600,15390,1401600,15390,1401600,15390,883200,15390,883200,15391,0,15391,0,
15373,0,15482,62,15378,3,15483,50,15485,60,15487,53,15485,104,15489,2467380,15488,70,15490,11,15491,0,15181,0,15491,2,15491,0,15491,266666,15492,42,15493,1305600,15493,1305600,15493,1305600,15494,1305600,15494,1612800,15494,1612800,15494,0,15495,0,
15482,0,15575,63,15484,3,15577,40,15579,55,15583,44,15580,104,15585,2317173,15585,22,15586,10,15587,0,15282,0,15587,2,15587,0,15587,266666,15588,42,15588,1401600,15588,1401600,15589,1401600,15589,1401600,15589,883200,15589,883200,15589,0,15590,0,
15575,0,15675,55,15577,3,15678,50,15679,44,15682,37,15680,104,15684,2305189,15683,60,15685,27,15686,0,15387,0,15686,2,15686,0,15686,266666,15687,42,15687,1401600,15687,1401600,15687,1401600,15688,1401600,15688,1382400,15688,1382400,15688,0,15688,0,
15675,0,15775,60,15678,3,15778,60,15780,50,15783,58,15781,104,15786,2969713,15785,77,15787,9,15788,0,15490,0,15788,2,15788,0,15789,266666,15789,42,15790,1305600,15790,1305600,15790,1305600,15790,1305600,15790,1612800,15791,1612800,15791,0,15792,0,
15775,0,15879,66,15778,3,15881,36,15883,66,15885,40,15883,104,15887,2585643,15887,55,15888,0,15889,0,15586,0,15889,2,15889,0,15889,266666,15890,42,15890,1401600,15890,1401600,15891,1401600,15891,1401600,15891,1382400,15891,1382400,15892,0,15892,0,
15880,0,15979,66,15881,3,15981,62,15984,75,15986,77,15985,104,15988,2935500,15988,45,15989,22,15990,0,15685,0,15990,2,15990,0,15990,266666,15991,42,15991,1401600,15992,1401600,15992,1401600,15992,1401600,15993,883200,15993,883200,15993,0,15994,0,
15979,0,16083,63,15982,3,16084,54,16086,63,16088,50,16086,104,16090,2484023,16089,18,16091,66,16091,0,15788,0,16092,2,16092,0,16092,266666,16093,42,16093,1401600,16093,1401600,16094,1401600,16094,1401600,16095,883200,16095,883200,16096,0,16096,0,
16083,0,16182,60,16085,3,16183,50,16185,66,16187,44,16186,104,16189,2527565,16189,10,16191,36,16191,0,15889,0,16192,2,16192,0,16192,266666,16192,42,16193,1401600,16193,1401600,16194,1401600,16194,1401600,16194,883200,16195,883200,16195,0,16196,0,
16182,0,16283,69,16184,3,16286,50,16288,70,16289,42,16288,104,16291,2680457,16291,70,16293,9,16293,0,15990,0,16294,2,16294,0,16294,266666,16295,42,16295,1305600,16295,1305600,16296,1305600,16296,1305600,16296,883200,16296,883200,16296,0,16297,0,
16283,0,16383,66,16286,3,16384,44,16386,44,16388,50,16386,104,16389,2102364,16389,0,16391,88,16391,0,16091,0,16392,2,16392,0,16392,266666,16393,42,16393,1305600,16393,1305600,16394,1305600,16394,1305600,16394,1612800,16394,1612800,16395,0,16395,0,
16383,0,16484,70,16384,3,16486,50,16488,44,16489,45,16488,104,16491,2773926,16491,0,16493,41,16493,0,16191,0,16494,2,16494,0,16494,266666,16495,41,16495,1305600,16495,1305600,16495,1305600,16496,1305600,16496,883200,16496,883200,16497,0,16497,0,
16484,0,16586,71,16486,3,16588,58,16589,50,16591,40,16590,104,16593,2432914,16592,61,16594,11,16595,0,16293,0,16595,2,16595,0,16596,266666,16596,41,16597,1401600,16597,1401600,16597,1401600,16598,1401600,16598,883200,16598,883200,16598,0,16599,0,
16586,0,16686,60,16588,3,16687,41,16689,44,16691,25,16690,104,16693,2193314,16693,60,16694,0,16695,0,16391,0,16701,2,16699,0,16701,266666,16702,41,16704,1401600,16704,1401600,16705,1401600,16705,1401600,16705,1382400,16705,1382400,16706,0,16706,0,
16686,0,16787,50,16688,3,16788,44,16790,70,16791,44,16790,104,16793,2541941,16793,55,16795,0,16795,0,16493,0,16796,2,16796,0,16796,266666,16796,41,16797,1401600,16797,1401600,16797,1401600,16797,1401600,16798,883200,16798,883200,16798,0,16798,0,
16787,0,16889,63,16788,3,16892,44,16895,54,16897,36,16895,104,16902,2295579,16899,50,16912,0,16913,0,16595,0,16914,2,16913,0,16914,266666,16915,41,16915,1305600,16916,1305600,16917,1305600,16917,1305600,16917,1612800,16917,1612800,16918,0,16918,0,
16890,0,16988,50,16893,3,16989,60,16991,37,16993,37,16992,104,16995,2484292,16994,70,16996,0,16997,0,16695,0,16998,2,16997,0,16998,266666,16998,41,16999,1305600,16999,1305600,16999,1305600,17000,1305600,17000,883200,17000,883200,17001,0,17001,0,
16988,0,17089,60,16990,3,17091,50,17093,33,17094,41,17093,104,17104,2022913,17103,25,17114,53,17114,0,16795,0,17115,2,17115,0,17116,266666,17116,41,17117,1305600,17117,1305600,17118,1305600,17118,1305600,17119,1612800,17120,1612800,17120,0,17121,0,
17089,0,17189,77,17091,3,17190,72,17192,80,17194,81,17193,104,17196,3183472,17196,20,17198,37,17198,0,16912,0,17199,2,17199,0,17199,266666,17200,41,17200,1401600,17200,1401600,17200,1401600,17201,1401600,17201,1612800,17202,1612800,17202,0,17202,0,
17189,0,17289,72,17190,3,17291,45,17293,55,17295,33,17293,104,17296,2862651,17296,50,17298,0,17299,0,16997,0,17299,2,17299,0,17299,266666,17300,41,17300,1401600,17301,1401600,17301,1401600,17301,1401600,17301,883200,17302,883200,17302,0,17302,0,
17290,0,17389,50,17291,3,17391,44,17393,40,17395,63,17394,104,17397,2183068,17397,11,17399,0,17400,0,17114,0,17401,2,17401,0,17401,266666,17402,41,17402,1401600,17403,1401600,17403,1401600,17403,1401600,17404,883200,17404,883200,17404,0,17405,0,
17390,0,17490,70,17392,3,17491,77,17493,57,17495,70,17494,104,17497,2647483,17497,11,17499,12,17500,0,17198,0,17500,2,17500,0,17501,266666,17501,41,17502,1401600,17502,1401600,17502,1401600,17502,1401600,17503,1382400,17503,1382400,17503,0,17503,0,
17490,0,17590,50,17492,3,17592,63,17593,40,17596,40,17594,104,17598,2251018,17597,9,17599,30,17600,0,17298,0,17601,2,17600,0,17601,266666,17602,41,17602,1401600,17602,1401600,17603,1401600,17603,1401600,17603,883200,17603,883200,17603,0,17604,0,
17590,0,17691,55,17592,3,17693,63,17694,72,17696,72,17695,104,17698,2707812,17698,27,17700,27,17700,0,17400,0,17701,2,17701,0,17701,266666,17702,41,17702,1401600,17702,1401600,17702,1401600,17702,1401600,17703,1804800,17703,1804800,17703,0,17703,0,
17691,0,17792,63,17693,3,17793,58,17795,45,17797,30,17795,104,17799,2394292,17799,0,17800,33,17801,0,17499,0,17802,2,17802,0,17802,266666,17802,41,17803,1401600,17803,1401600,17803,1401600,17803,1401600,17804,1804800,17804,1804800,17804,0,17804,0,
17792,0,17892,63,17794,3,17894,70,17896,66,17898,33,17896,104,17900,2851188,17900,20,17902,54,17902,0,17599,0,17903,2,17902,0,17903,266666,17903,41,17904,1401600,17904,1401600,17904,1401600,17904,1401600,17904,1382400,17905,1382400,17905,0,17905,0,
17893,0,17993,63,17894,3,17995,58,17997,55,18000,72,17998,104,18002,2971856,18002,33,18004,0,18004,0,17700,0,18005,2,18005,0,18005,266666,18006,41,18006,1401600,18007,1401600,18007,1401600,18008,1401600,18008,883200,18009,883200,18009,0,18010,0,
17994,0,18094,44,17996,3,18096,25,18097,37,18099,44,18098,104,18101,2049608,18101,63,18103,0,18103,0,17801,0,18104,2,18104,0,18104,266666,18105,41,18105,1401600,18105,1401600,18105,1401600,18105,1401600,18106,1612800,18106,1612800,18106,0,18106,0,
18094,0,18194,50,18096,3,18196,54,18198,44,18199,50,18198,104,18201,2767082,18201,80,18203,0,18203,0,17902,0,18203,2,18203,0,18204,266666,18204,41,18205,1401600,18205,1401600,18205,1401600,18205,1401600,18205,883200,18206,883200,18206,0,18206,0,
18195,0,18295,50,18196,3,18297,55,18299,55,18301,55,18300,104,18303,2522423,18303,91,18305,0,18306,0,18004,0,18306,2,18306,0,18306,266666,18307,41,18307,1401600,18307,1401600,18308,1401600,18308,1401600,18308,1804800,18308,1804800,18309,0,18309,0,
18296,0,18396,60,18297,3,18398,40,18400,44,18403,66,18401,104,18405,2727720,18405,54,18407,10,18408,0,18103,0,18408,2,18408,0,18409,266666,18410,41,18410,1401600,18411,1401600,18416,1401600,18417,1401600,18417,883200,18417,883200,18418,0,18418,0,
18397,0,18497,50,18399,3,18499,44,18501,58,18503,44,18501,104,18505,2174152,18504,0,18506,80,18507,0,18203,0,18507,2,18507,0,18507,266666,18508,39,18508,1401600,18509,1401600,18510,1401600,18510,1401600,18511,1612800,18511,1612800,18512,0,18512,0,
18497,0,18598,69,18499,3,18600,45,18602,63,18604,50,18603,104,18606,2905474,18606,0,18608,44,18608,0,18305,0,18609,2,18609,0,18609,266666,18610,39,18611,1401600,18611,1401600,18612,1401600,18612,1401600,18613,883200,18613,883200,18615,0,18616,0,
18598,0,18699,55,18600,3,18700,44,18702,60,18704,55,18703,104,18706,2344286,18706,0,18708,20,18708,0,18407,0,18709,2,18709,0,18710,266666,18710,39,18711,1401600,18711,1401600,18712,1401600,18712,1401600,18712,883200,18713,883200,18713,0,18714,0,
18699,0,18799,70,18701,3,18801,80,18804,55,18806,37,18804,104,18808,2559322,18808,40,18810,0,18811,0,18506,0,18812,2,18812,0,18812,266666,18813,39,18813,1401600,18814,1401600,18816,1401600,18816,1401600,18816,1612800,18817,1612800,18817,0,18818,0,
18799,0,18900,60,18801,3,18902,40,18904,40,18906,50,18904,104,18907,2301241,18907,30,18909,0,18909,0,18608,0,18911,2,18910,0,18911,266666,18912,39,18912,1401600,18913,1401600,18913,1401600,18914,1401600,18915,883200,18916,883200,18916,0,18916,0,
18900,0,19001,63,18902,3,19002,60,19004,75,19006,50,19004,104,19010,2537812,19009,40,19012,0,19012,0,18708,0,19013,2,19013,0,19014,266666,19016,39,19017,1401600,19017,1401600,19018,1401600,19018,1401600,19019,1612800,19019,1612800,19020,0,19020,0,
19001,0,19102,70,19003,3,19104,60,19106,44,19108,57,19106,104,19110,2700956,19110,50,19112,40,19113,0,18810,0,19115,2,19114,0,19118,266666,19119,39,19119,1401600,19120,1401600,19120,1401600,19121,1401600,19122,883200,19122,883200,19123,0,19123,0,
19102,0,19202,75,19104,3,19204,55,19205,66,19208,66,19205,104,19210,2622252,19209,0,19212,72,19213,0,18909,0,19215,2,19215,0,19216,266666,19217,39,19217,1401600,19217,1401600,19218,1401600,19218,1401600,19218,1382400,19219,1382400,19219,0,19219,0,
19202,0,19303,71,19204,3,19305,60,19307,63,19309,60,19308,104,19312,2883093,19311,0,19313,70,19314,0,19012,0,19317,2,19317,0,19317,266666,19318,39,19319,1401600,19319,1401600,19319,1401600,19320,1401600,19320,1113600,19320,1113600,19320,0,19321,0,
19303,0,19407,55,19305,3,19408,37,19410,44,19412,53,19411,104,19417,2357109,19416,0,19418,70,19419,0,19112,0,19420,2,19420,0,19420,266666,19421,36,19422,1401600,19422,1401600,19422,1401600,19423,1401600,19423,1612800,19423,1612800,19424,0,19424,0,
19407,0,19508,62,19408,3,19509,37,19512,55,19514,55,19512,104,19515,2742136,19515,10,19517,50,19518,0,19212,0,19521,2,19520,0,19522,266666,19523,36,19523,1401600,19524,1401600,19524,1401600,19525,1401600,19525,1804800,19526,1804800,19526,0,19526,0,
19508,0,19608,54,19510,3,19610,37,19614,55,19618,40,19615,104,19621,2915879,19620,50,19624,0,19626,0,19314,0,19627,2,19626,0,19627,266666,19627,36,19628,1401600,19628,1401600,19628,1401600,19628,1401600,19628,1804800,19629,1804800,19629,0,19629,0,
19608,0,19709,60,19611,3,19712,40,19717,60,19720,50,19718,104,19723,2544211,19722,44,19725,9,19726,0,19419,0,19727,2,19727,0,19727,266666,19728,36,19728,1401600,19728,1401600,19728,1401600,19729,1401600,19729,883200,19729,883200,19729,0,19729,0,
19710,0,19810,54,19715,3,19813,60,19814,60,19816,45,19815,104,19818,2250431,19818,11,19819,10,19820,0,19517,0,19820,2,19820,0,19821,266666,19822,36,19822,1401600,19823,1401600,19823,1401600,19825,1401600,19826,883200,19826,883200,19827,0,19827,0,
19810,0,19912,81,19813,3,19914,90,19916,69,19919,63,19918,104,19921,2728217,19921,0,19923,0,19924,0,19625,0,19924,2,19924,0,19925,266666,19925,36,19926,1401600,19926,1401600,19926,1401600,19927,1401600,19927,883200,19927,883200,19928,0,19928,0,
19912,0,20012,50,19914,3,20015,50,20017,50,20021,57,20018,104,20023,2149206,20022,10,20025,0,20027,0,19726,0,20028,2,20027,0,20028,266666,20029,36,20029,1401600,20030,1401600,20030,1401600,20030,1401600,20031,883200,20031,883200,20032,0,20033,0,
20012,0,20112,75,20015,3,20114,54,20119,62,20121,63,20120,104,20123,2432680,20123,10,20125,0,20125,0,19820,0,20126,2,20126,0,20126,266666,20126,36,20127,1401600,20127,1401600,20127,1401600,20127,1401600,20127,1382400,20128,1382400,20128,0,20128,0,
20113,0,20213,63,20115,3,20215,60,20223,54,20226,50,20224,104,20229,2594724,20228,60,20230,9,20231,0,19923,0,20232,2,20232,0,20232,266666,20233,36,20233,1401600,20233,1401600,20233,1401600,20234,1401600,20234,883200,20234,883200,20234,0,20235,0,
20214,0,20314,55,20216,3,20316,50,20319,44,20322,50,20320,104,20324,2193271,20324,33,20326,0,20327,0,20026,0,20327,2,20327,0,20328,266666,20328,36,20329,1401600,20329,1401600,20329,1401600,20330,1401600,20330,883200,20331,883200,20331,0,20332,0,
20314,0,20417,66,20316,3,20422,70,20424,70,20428,58,20425,104,20430,2550691,20429,30,20431,0,20432,0,20125,0,20432,2,20432,0,20432,266666,20433,36,20433,1305600,20434,1305600,20434,1305600,20434,1305600,20434,1382400,20435,1382400,20435,0,20435,0,
20418,0,20516,66,20423,3,20518,66,20522,42,20525,63,20523,104,20528,2556678,20527,70,20529,10,20530,0,20231,0,20530,2,20530,0,20531,266666,20531,41,20532,1305600,20532,1305600,20532,1305600,20533,1305600,20533,1612800,20533,1612800,20533,0,20534,0,
20516,0,20616,69,20518,3,20617,63,20621,58,20623,50,20621,104,20624,2495262,20624,22,20626,40,20626,0,20326,0,20627,2,20627,0,20627,266666,20628,41,20628,1401600,20628,1401600,20628,1401600,20629,1401600,20629,1382400,20629,1382400,20629,0,20629,0,
20616,0,20717,55,20618,3,20719,44,20720,25,20722,45,20720,104,20723,2412839,20723,33,20724,0,20724,0,20431,0,20725,2,20725,0,20725,266666,20726,41,20726,1190400,20727,1190400,20727,1190400,20727,1190400,20727,883200,20727,883200,20728,0,20728,0,
20718,0,20817,55,20719,3,20821,40,20823,63,20825,45,20823,104,20828,1929804,20827,10,20830,16,20830,0,20530,0,20831,2,20831,0,20831,266666,20832,41,20832,1401600,20833,1401600,20833,1401600,20833,1401600,20834,883200,20834,883200,20834,0,20835,0,
20818,0,20918,44,20821,3,20920,60,20922,63,20925,44,20923,104,20926,2313665,20926,11,20928,0,20929,0,20626,0,20929,2,20929,0,20930,266666,20930,41,20931,1401600,20931,1401600,20932,1401600,20932,1401600,20932,883200,20932,883200,20933,0,20933,0,
20918,0,21020,72,20920,3,21022,55,21024,50,21027,60,21024,104,21030,2418553,21029,9,21031,0,21032,0,20724,0,21033,2,21032,0,21033,266666,21033,41,21034,1401600,21034,1401600,21034,1401600,21035,1401600,21035,883200,21035,883200,21036,0,21036,0,
21020,0,21120,80,21022,3,21122,50,21126,75,21129,44,21127,104,21132,2464965,21132,0,21134,0,21135,0,20830,0,21136,2,21135,0,21136,266666,21136,41,21137,1401600,21137,1401600,21137,1401600,21137,1401600,21138,883200,21138,883200,21138,0,21139,0,
21121,0,21222,66,21123,3,21227,81,21229,72,21233,61,21231,104,21235,2767333,21235,40,21237,0,21237,0,20928,0,21238,2,21238,0,21238,266666,21239,41,21240,1401600,21240,1401600,21240,1401600,21241,1401600,21241,1382400,21241,1382400,21242,0,21242,0,
21225,0,21322,76,21227,3,21325,70,21327,55,21330,55,21328,104,21335,2701742,21335,33,21337,70,21337,0,21032,0,21338,2,21338,0,21338,266666,21339,41,21339,1401600,21340,1401600,21340,1401600,21340,1401600,21340,1804800,21341,1804800,21341,0,21341,0,
21322,0,21423,77,21325,3,21425,60,21428,55,21430,63,21428,104,21432,3146680,21432,0,21434,66,21435,0,21134,0,21435,2,21435,0,21435,266666,21436,41,21436,1305600,21437,1305600,21437,1305600,21437,1305600,21437,1804800,21438,1804800,21438,0,21438,0,
21423,0,21524,50,21425,3,21526,66,21529,44,21532,45,21530,104,21534,2672149,21533,0,21535,72,21536,0,21237,0,21536,2,21536,0,21537,266666,21537,42,21538,1401600,21538,1401600,21538,1401600,21538,1401600,21539,1056000,21539,1056000,21539,0,21540,0,
21524,0,21624,60,21527,3,21626,63,21628,42,21631,37,21629,104,21633,2474377,21633,0,21634,77,21635,0,21337,0,21635,2,21635,0,21635,266666,21636,42,21636,1401600,21637,1401600,21637,1401600,21637,1401600,21637,883200,21637,883200,21638,0,21638,0,
21624,0,21725,62,21626,3,21727,50,21729,63,21732,45,21730,104,21734,2608342,21733,27,21735,40,21736,0,21434,0,21736,2,21736,0,21737,266666,21737,42,21738,1305600,21738,1305600,21738,1305600,21738,1305600,21739,1804800,21739,1804800,21739,0,21739,0,
21725,0,21824,60,21727,3,21826,50,21829,63,21832,40,21830,104,21834,3231325,21834,80,21835,9,21836,0,21535,0,21837,2,21837,0,21837,266666,21838,42,21838,1305600,21838,1305600,21839,1305600,21839,1305600,21839,1804800,21839,1804800,21840,0,21840,0,
21825,0,21925,72,21827,3,21927,61,21930,55,21932,50,21930,104,21934,2710767,21934,40,21935,0,21936,0,21634,0,21936,2,21936,0,21937,266666,21937,42,21938,1401600,21938,1401600,21938,1401600,21939,1401600,21939,1804800,21939,1804800,21939,0,21939,0,
21925,0,22027,66,21928,3,22030,55,22034,50,22036,44,22034,104,22038,2462593,22037,20,22039,60,22039,0,21735,0,22040,2,22040,0,22040,266666,22040,42,22041,1401600,22041,1401600,22041,1401600,22042,1401600,22042,1382400,22043,1382400,22043,0,22043,0,
22028,0,22131,50,22031,3,22134,60,22136,60,22139,63,22138,104,22142,3229801,22141,83,22143,10,22144,0,21836,0,22144,2,22144,0,22145,266666,22145,42,22145,1401600,22146,1401600,22146,1401600,22146,1401600,22146,1804800,22146,1804800,22147,0,22147,0,
22131,0,22230,70,22134,3,22232,55,22234,44,22236,22,22234,104,22238,2225622,22237,0,22239,40,22240,0,21935,0,22240,2,22240,0,22240,266666,22241,42,22242,1401600,22242,1401600,22242,1401600,22242,1401600,22242,883200,22243,883200,22243,0,22243,0,
22231,0,22332,70,22233,3,22334,33,22337,44,22338,58,22337,104,22342,2540950,22340,72,22344,10,22345,0,22039,0,22345,2,22345,0,22347,266666,22348,42,22349,1305600,22349,1305600,22350,1305600,22351,1305600,22351,1612800,22352,1612800,22352,0,22353,0,
22333,0,22436,55,22335,3,22438,55,22439,66,22442,50,22440,104,22443,2651774,22443,50,22445,0,22445,0,22144,0,22446,2,22446,0,22446,266666,22446,42,22447,1401600,22447,1401600,22447,1401600,22447,1401600,22447,883200,22448,883200,22448,0,22448,0,
22436,0,22534,50,22438,3,22536,37,22537,66,22539,54,22538,104,22542,2261640,22541,11,22543,0,22544,0,22239,0,22544,2,22544,0,22545,266666,22545,32,22545,1401600,22546,1401600,22546,1401600,22546,1401600,22547,883200,22547,883200,22547,0,22548,0,
22534,0,22634,70,22536,3,22635,58,22636,66,22637,66,22636,104,22638,2453533,22638,30,22639,0,22639,0,22344,0,22642,2,22642,0,22643,266666,22643,32,22643,1401600,22643,1401600,22644,1401600,22644,1401600,22644,1382400,22644,1382400,22644,0,22645,0,
22634,0,22735,55,22635,3,22736,42,22738,55,22740,44,22738,104,22742,2458527,22741,81,22743,0,22744,0,22445,0,22744,2,22744,0,22744,266666,22745,32,22745,1401600,22746,1401600,22746,1401600,22746,1401600,22747,1804800,22747,1804800,22747,0,22748,0,
22735,0,22835,37,22737,3,22836,25,22838,45,22840,40,22838,104,22841,2192642,22841,55,22843,0,22843,0,22543,0,22844,2,22844,0,22844,266666,22845,32,22845,1401600,22846,1401600,22846,1401600,22846,1401600,22846,1382400,22846,1382400,22847,0,22847,0,
22835,0,22936,66,22837,3,22938,55,22940,62,22942,44,22940,104,22943,2327134,22943,27,22945,63,22946,0,22639,0,22947,2,22946,0,22947,266666,22948,32,22948,1305600,22948,1305600,22948,1305600,22949,1305600,22949,1804800,22950,1804800,22951,0,22951,0,
22937,0,23036,60,22938,3,23038,37,23040,44,23042,40,23040,104,23044,2351338,23043,0,23045,40,23046,0,22743,0,23046,2,23046,0,23047,266666,23047,32,23048,1382400,23048,1382400,23048,1382400,23049,1382400,23049,883200,23049,883200,23049,0,23050,0,
23037,0,23137,50,23038,3,23139,63,23141,55,23143,50,23141,104,23144,2228329,23144,10,23146,0,23147,0,22843,0,23147,2,23147,0,23147,266666,23148,32,23148,1401600,23148,1401600,23149,1401600,23149,1401600,23149,883200,23149,883200,23150,0,23150,0,
23137,0,23238,63,23139,3,23240,60,23242,80,23244,54,23243,104,23246,2348892,23246,0,23249,0,23250,0,22945,0,23251,2,23250,0,23252,266666,23252,32,23253,1401600,23253,1401600,23254,1401600,23254,1401600,23255,883200,23255,883200,23257,0,23258,0,
23238,0,23339,66,23240,3,23341,69,23343,58,23345,55,23343,104,23347,2372502,23347,27,23349,0,23350,0,23045,0,23352,2,23352,0,23354,266666,23355,32,23356,1305600,23357,1305600,23357,1305600,23357,1305600,23358,883200,23358,883200,23358,0,23359,0,
23339,0,23440,66,23341,3,23442,60,23443,66,23446,50,23444,104,23448,2288189,23447,66,23450,0,23451,0,23146,0,23452,2,23452,0,23453,266666,23454,32,23454,1401600,23456,1401600,23457,1401600,23457,1401600,23458,998400,23458,998400,23459,0,23459,0,
23440,0,23540,55,23442,3,23546,63,23549,37,23552,44,23549,104,23564,2027003,23563,8,23566,30,23567,0,23249,0,23568,2,23568,0,23569,266666,23570,42,23570,1401600,23571,1401600,23572,1401600,23572,1401600,23572,883200,23573,883200,23574,0,23574,0,
23542,0,23641,72,23547,3,23643,77,23646,66,23648,60,23646,104,23652,2755434,23652,10,23654,0,23655,0,23350,0,23656,2,23655,0,23656,266666,23658,42,23659,1401600,23660,1401600,23660,1401600,23661,1401600,23661,883200,23662,883200,23662,0,23662,0,
23641,0,23742,66,23643,3,23743,60,23745,55,23747,72,23745,104,23749,2602550,23748,33,23754,10,23755,0,23450,0,23755,2,23755,0,23756,266666,23756,42,23757,1401600,23757,1401600,23758,1401600,23759,1401600,23760,1612800,23761,1612800,23762,0,23762,0,
23742,0,23844,66,23743,3,23846,50,23848,58,23851,50,23848,104,23854,2751619,23854,45,23856,9,23857,0,23567,0,23858,2,23858,0,23860,266666,23860,42,23861,1401600,23862,1401600,23862,1401600,23862,1401600,23863,883200,23863,883200,23863,0,23864,0,
23844,0,23945,69,23846,3,23947,58,23949,54,23952,55,23950,104,23955,2462513,23954,11,23957,0,23957,0,23655,0,23958,2,23958,0,23958,266666,23959,42,23960,1401600,23960,1401600,23960,1401600,23961,1401600,23961,883200,23961,883200,23962,0,23962,0,
23945,0,24048,63,23947,3,24049,63,24051,75,24066,60,24053,104,24068,2633492,24068,27,24070,16,24072,0,23754,0,24072,2,24072,0,24073,266666,24073,42,24074,1401600,24074,1401600,24074,1401600,24075,1401600,24075,1248000,24075,1248000,24075,0,24076,0,
24048,0,24146,62,24049,3,24148,55,24150,50,24154,40,24151,104,24156,2494218,24156,37,24158,22,24159,0,23856,0,24160,2,24160,0,24161,266666,24161,42,24162,1401600,24162,1401600,24162,1401600,24162,1401600,24163,1382400,24163,1382400,24163,0,24164,0,
24147,0,24247,50,24148,3,24249,37,24251,44,24254,54,24251,104,24258,2386103,24257,27,24263,0,24263,0,23957,0,24264,2,24264,0,24264,266666,24265,42,24266,1401600,24266,1401600,24266,1401600,24267,1401600,24267,883200,24267,883200,24268,0,24268,0,
24247,0,24347,62,24249,3,24349,37,24353,66,24358,44,24354,104,24361,2328515,24361,30,24363,36,24363,0,24071,0,24364,2,24364,0,24364,266666,24365,42,24365,1401600,24366,1401600,24366,1401600,24367,1401600,24367,883200,24367,883200,24368,0,24368,0,
24348,0,24448,60,24350,3,24450,45,24454,50,24459,45,24454,104,24461,2323276,24461,11,24463,33,24464,0,24158,0,24464,2,24464,0,24465,266666,24466,42,24467,1401600,24467,1401600,24468,1401600,24469,1401600,24469,883200,24469,883200,24470,0,24470,0,
24448,0,24549,62,24451,3,24550,72,24551,55,24553,60,24552,104,24554,2607273,24554,10,24555,0,24556,0,24263,0,24556,2,24556,0,24556,266666,24557,45,24557,1401600,24557,1401600,24557,1401600,24558,1401600,24558,883200,24558,883200,24559,0,24559,0,
24549,0,24654,66,24550,3,24665,72,24673,58,24675,64,24674,104,24677,2760126,24677,54,24679,0,24679,0,24363,0,24680,2,24679,0,24680,266666,24680,45,24681,1401600,24681,1401600,24682,1401600,24682,1401600,24683,1612800,24683,1612800,24684,0,24684,0,
24655,0,24750,62,24666,3,24752,60,24754,66,24757,55,24755,104,24762,2669481,24762,22,24764,0,24765,0,24463,0,24765,2,24765,0,24765,266666,24766,45,24766,1401600,24766,1401600,24767,1401600,24767,1401600,24767,883200,24767,883200,24767,0,24768,0,
24750,0,24850,63,24752,3,24852,66,24855,55,24862,60,24856,104,24865,2565538,24864,20,24866,0,24867,0,24556,0,24867,2,24867,0,24867,266666,24868,45,24868,1401600,24868,1401600,24869,1401600,24869,1401600,24869,883200,24869,883200,24869,0,24870,0,
24851,0,24951,70,24853,3,24953,50,24955,54,24958,55,24956,104,24961,2512571,24960,33,24964,40,24965,0,24679,0,24966,2,24966,0,24966,266666,24967,45,24967,1305600,24968,1305600,24968,1305600,24969,1305600,24969,1382400,24970,1382400,24970,0,24970,0,
24951,0,25052,60,24953,3,25055,42,25058,37,25060,40,25058,104,25062,2327142,25062,16,25064,25,25064,0,24764,0,25065,2,25065,0,25065,266666,25066,45,25067,1401600,25067,1401600,25067,1401600,25068,1401600,25068,883200,25069,883200,25069,0,25070,0,
25052,0,25152,76,25055,3,25155,81,25169,70,25173,66,25169,104,25174,3077442,25174,70,25175,10,25176,0,24866,0,25176,2,25176,0,25176,266666,25176,45,25177,1401600,25177,1401600,25177,1401600,25177,1401600,25177,1382400,25177,1382400,25178,0,25178,0,
25152,0,25253,72,25156,3,25256,44,25259,55,25263,54,25259,104,25266,2746984,25265,50,25268,0,25269,0,24965,0,25269,2,25269,0,25270,266666,25270,45,25271,1401600,25271,1401600,25272,1401600,25272,1401600,25272,883200,25273,883200,25273,0,25273,0,
25253,0,25355,76,25256,3,25358,63,25360,60,25364,50,25361,104,25365,2566846,25365,10,25367,80,25368,0,25064,0,25368,2,25368,0,25369,266666,25369,45,25370,1401600,25370,1401600,25370,1401600,25371,1401600,25371,1612800,25371,1612800,25372,0,25372,0,
25356,0,25456,70,25358,3,25464,66,25466,55,25468,50,25467,104,25472,3480535,25471,50,25474,40,25475,0,25176,0,25476,2,25475,0,25476,266666,25476,45,25477,1305600,25477,1305600,25478,1305600,25478,1305600,25478,1612800,25479,1612800,25479,0,25479,0,
25456,0,25557,66,25464,3,25560,44,25562,60,25565,50,25563,104,25567,3002065,25566,63,25568,44,25569,0,25268,0,25570,2,25570,0,25571,266666,25572,44,25573,1305600,25573,1305600,25574,1305600,25574,1305600,25575,1382400,25575,1382400,25575,0,25575,0,
25557,0,25606,80,25560,3,25608,80,25610,40,25613,60,25611,104,25615,2672910,25615,0,25616,20,25617,0,25367,0,25618,2,25617,0,25618,266666,25618,44,25619,1305600,25619,1305600,25619,1305600,25620,1305600,25620,883200,25620,883200,25620,0,25621,0,
25606,0,25707,63,25608,3,25709,72,25711,42,25713,54,25711,104,25714,2315539,25714,0,25716,0,25717,0,25475,0,25717,2,25717,0,25718,266666,25719,44,25719,1401600,25719,1401600,25720,1401600,25720,1401600,25720,883200,25720,883200,25720,0,25721,0,
25707,0,25807,80,25709,3,25808,50,25810,72,25812,70,25810,104,25814,2716159,25813,20,25816,0,25816,0,25569,0,25817,2,25817,0,25817,266666,25817,44,25818,1401600,25818,1401600,25818,1401600,25818,1401600,25819,1382400,25819,1382400,25819,0,25819,0,
25807,0,25908,55,25809,3,25910,54,25912,50,25914,70,25912,104,25915,2634938,25915,40,25917,30,25917,0,25617,0,25918,2,25918,0,25918,266666,25918,44,25919,1401600,25919,1401600,25920,1401600,25920,1401600,25921,883200,25921,883200,25921,0,25922,0,
25908,0,26009,54,25910,3,26011,54,26013,58,26015,66,26014,104,26016,2532602,26016,10,26018,0,26019,0,25716,0,26020,2,26020,0,26020,266666,26021,44,26021,1401600,26022,1401600,26022,1401600,26023,1401600,26023,883200,26024,883200,26024,0,26025,0,
26009,0,26109,81,26011,3,26111,60,26113,60,26115,44,26113,104,26116,2686016,26116,66,26118,0,26118,0,25816,0,26119,2,26119,0,26119,266666,26119,44,26120,1305600,26120,1305600,26121,1305600,26121,1305600,26121,1612800,26123,1612800,26126,0,26126,0,
26109,0,26209,72,26111,3,26211,62,26213,62,26215,54,26213,104,26217,2588469,26216,30,26218,0,26219,0,25917,0,26220,2,26220,0,26220,266666,26221,44,26222,1401600,26222,1401600,26222,1401600,26224,1401600,26224,883200,26228,883200,26230,0,26231,0,
26209,0,26312,55,26211,3,26314,66,26316,60,26318,44,26316,104,26320,2461533,26319,30,26321,27,26322,0,26019,0,26323,2,26323,0,26324,266666,26325,44,26325,1305600,26326,1305600,26327,1305600,26327,1305600,26328,1382400,26329,1382400,26330,0,26331,0,
26313,0,26412,63,26315,3,26415,60,26417,63,26419,55,26417,104,26421,2842126,26421,63,26424,0,26426,0,26118,0,26427,2,26427,0,26428,266666,26429,44,26429,1017600,26430,1017600,26430,1017600,26431,1017600,26432,883200,26433,883200,26434,0,26435,0,
26413,0,26513,63,26415,3,26514,50,26516,70,26518,60,26517,104,26520,1995958,26520,36,26521,0,26522,0,26218,0,26523,2,26523,0,26523,266666,26524,42,26524,1401600,26525,1401600,26525,1401600,26526,1401600,26527,883200,26527,883200,26528,0,26528,0,
26513,0,26614,66,26515,3,26616,70,26618,64,26620,45,26618,104,26622,2522565,26622,22,26624,0,26625,0,26322,0,26625,2,26625,0,26626,266666,26627,42,26627,1401600,26628,1401600,26628,1401600,26628,1401600,26629,1382400,26629,1382400,26629,0,26630,0,
26615,0,26714,60,26617,3,26715,45,26717,44,26719,60,26718,104,26721,2560334,26721,54,26722,0,26724,0,26425,0,26724,2,26724,0,26725,266666,26725,42,26726,1401600,26726,1401600,26727,1401600,26728,1401600,26729,883200,26729,883200,26730,0,26730,0,
26714,0,26815,77,26716,3,26816,62,26818,75,26821,57,26819,104,26823,2702460,26823,30,26825,27,26826,0,26522,0,26826,2,26826,0,26826,266666,26827,42,26828,1401600,26828,1401600,26829,1401600,26831,1401600,26831,883200,26831,883200,26832,0,26832,0,
26815,0,26927,55,26816,3,26966,46,26968,57,26970,64,26968,104,26973,2450196,26972,18,26975,29,26976,0,26624,0,26976,2,26976,0,26977,266666,26977,42,26978,1401600,26978,1401600,26979,1401600,26979,1401600,26980,883200,26980,883200,26981,0,26981,0,
26927,0,27027,66,26966,3,27029,66,27031,66,27035,85,27032,104,27037,2771951,27036,0,27038,16,27039,0,26723,0,27040,2,27040,0,27040,266666,27041,42,27042,1401600,27042,1401600,27043,1401600,27043,1401600,27044,883200,27044,883200,27044,0,27045,0,
27027,0,27128,66,27030,3,27132,75,27134,63,27137,63,27135,104,27139,2637946,27139,0,27141,0,27141,0,26825,0,27142,2,27142,0,27142,266666,27143,42,27143,1401600,27143,1401600,27143,1401600,27144,1401600,27144,883200,27144,883200,27144,0,27144,0,
27128,0,27230,70,27132,3,27231,62,27232,50,27233,25,27232,104,27234,2385690,27233,54,27234,12,27235,0,26976,0,27235,2,27235,0,27235,266666,27235,42,27236,1401600,27236,1401600,27236,1401600,27236,1401600,27236,1382400,27236,1382400,27236,0,27237,0,
27230,0,27332,63,27231,3,27334,58,27335,44,27338,33,27336,104,27340,2376076,27339,22,27343,9,27344,0,27038,0,27344,2,27344,0,27345,266666,27345,42,27346,1401600,27346,1401600,27347,1401600,27347,1401600,27347,883200,27348,883200,27348,0,27348,0,
27332,0,27432,75,27334,3,27434,72,27435,50,27437,55,27436,104,27439,2553245,27439,9,27441,0,27441,0,27141,0,27442,2,27442,0,27442,266666,27443,42,27443,1401600,27444,1401600,27444,1401600,27444,1401600,27444,883200,27445,883200,27445,0,27445,0,
27432,0,27533,55,27434,3,27536,28,27538,66,27540,63,27538,104,27541,2317761,27541,20,27543,20,27544,0,27234,0,27544,2,27544,0,27544,266666,27545,39,27545,1401600,27545,1401600,27546,1401600,27546,1401600,27546,1382400,27547,1382400,27547,0,27547,0,
27534,0,27632,60,27537,3,27634,25,27636,44,27637,22,27636,104,27639,1955288,27639,0,27640,22,27641,0,27343,0,27641,2,27641,0,27642,266666,27642,39,27642,1401600,27643,1401600,27643,1401600,27643,1401600,27643,883200,27643,883200,27644,0,27644,0,
27633,0,27735,50,27634,3,27737,60,27739,50,27741,37,27740,104,27743,2224443,27743,16,27744,72,27745,0,27441,0,27745,2,27745,0,27746,266666,27746,39,27747,1305600,27747,1305600,27748,1305600,27748,1305600,27748,1612800,27748,1612800,27749,0,27749,0,
27736,0,27835,62,27737,3,27837,22,27838,50,27841,25,27839,104,27843,2808980,27842,63,27844,0,27845,0,27543,0,27846,2,27845,0,27846,266666,27847,39,27847,1190400,27848,1190400,27848,1190400,27848,1190400,27849,1382400,27849,1382400,27849,0,27849,0,
27835,0,27936,76,27837,3,27937,80,27939,70,27941,70,27939,104,27943,2588854,27942,50,27944,30,27945,0,27641,0,27945,2,27945,0,27945,266666,27946,39,27946,1401600,27947,1401600,27947,1401600,27948,1401600,27948,1612800,27948,1612800,27948,0,27949,0,
27936,0,28036,76,27938,3,28038,58,28039,60,28041,60,28040,104,28043,3106428,28043,55,28045,0,28045,0,27744,0,28046,2,28046,0,28046,266666,28046,39,28047,1401600,28047,1401600,28048,1401600,28048,1401600,28049,1804800,28049,1804800,28049,0,28049,0,
28036,0,28136,66,28038,3,28137,63,28137,55,28138,55,28137,104,28139,3059770,28139,75,28140,20,28140,0,27844,0,28140,2,28140,0,28140,266666,28141,39,28141,1401600,28141,1401600,28141,1401600,28141,1401600,28141,1747200,28142,1747200,28142,0,28142,0,
28136,0,28237,37,28137,3,28238,28,28239,50,28240,44,28239,104,28241,2609901,28241,63,28241,18,28242,0,27944,0,28242,2,28242,0,28242,266666,28242,39,28243,1401600,28243,1401600,28243,1401600,28243,1401600,28243,1382400,28243,1382400,28243,0,28244,0,
28237,0,28338,60,28238,3,28340,58,28341,63,28343,40,28342,104,28345,2483605,28345,20,28346,16,28347,0,28045,0,28348,2,28348,0,28348,266666,28349,39,28349,1401600,28350,1401600,28350,1401600,28350,1401600,28351,883200,28351,883200,28352,0,28352,0,
28338,0,28438,60,28340,3,28440,60,28442,63,28443,50,28442,104,28445,2378105,28445,0,28447,90,28447,0,28140,0,28448,2,28448,0,28448,266666,28449,39,28449,1305600,28450,1305600,28450,1305600,28450,1305600,28451,1612800,28451,1612800,28451,0,28451,0,
28439,0,28540,63,28440,3,28541,69,28543,63,28545,58,28543,104,28547,2970567,28546,0,28548,90,28549,0,28242,0,28549,2,28549,0,28549,266666,28550,34,28550,1401600,28551,1401600,28552,1401600,28552,1401600,28552,1804800,28552,1804800,28552,0,28553,0,
28540,0,28640,72,28541,3,28642,75,28644,76,28647,54,28644,104,28649,3714093,28649,41,28651,70,28652,0,28347,0,28652,2,28652,0,28653,266666,28653,34,28654,1401600,28654,1401600,28654,1401600,28654,1401600,28654,1804800,28655,1804800,28655,0,28655,0,
28640,0,28741,66,28642,3,28742,75,28744,75,28746,60,28745,104,28748,3551291,28748,44,28750,100,28750,0,28447,0,28750,2,28750,0,28751,266666,28751,34,28752,1401600,28752,1401600,28752,1401600,28753,1401600,28753,1804800,28753,1804800,28753,0,28753,0,
28741,0,28842,63,28743,3,28843,50,28845,42,28847,44,28846,104,28850,3326643,28849,40,28851,77,28852,0,28548,0,28853,2,28853,0,28853,266666,28854,34,28854,1401600,28855,1401600,28855,1401600,28855,1401600,28855,1382400,28856,1382400,28856,0,28856,0,
28842,0,28942,55,28844,3,28944,42,28945,44,28947,54,28946,104,28949,2524387,28948,10,28950,88,28951,0,28651,0,28951,2,28951,0,28952,266666,28952,34,28953,1401600,28953,1401600,28953,1401600,28953,1401600,28953,1804800,28954,1804800,28954,0,28954,0,
28942,0,29043,70,28944,3,29045,50,29047,55,29049,66,29047,104,29051,3192644,29051,10,29052,100,29053,0,28750,0,29053,2,29053,0,29053,266666,29054,34,29054,1401600,29055,1401600,29055,1401600,29055,1401600,29055,1804800,29056,1804800,29056,0,29056,0,
29043,0,29144,66,29045,3,29145,50,29147,66,29149,50,29148,104,29151,3249024,29151,10,29153,90,29154,0,28851,0,29154,2,29154,0,29154,266666,29155,34,29156,1305600,29156,1305600,29156,1305600,29157,1305600,29157,1804800,29157,1804800,29157,0,29157,0,
29144,0,29244,70,29145,3,29246,66,29248,77,29250,60,29248,104,29252,3213657,29252,9,29254,90,29254,0,28951,0,29255,2,29255,0,29255,266666,29256,34,29256,1305600,29256,1305600,29257,1305600,29257,1305600,29257,1804800,29257,1804800,29258,0,29258,0,
29245,0,29349,66,29246,3,29351,58,29353,54,29355,66,29353,104,29357,2975001,29356,0,29358,23,29359,0,29052,0,29359,2,29359,0,29359,266666,29360,34,29360,1305600,29361,1305600,29362,1305600,29362,1305600,29363,883200,29363,883200,29364,0,29364,0,
29349,0,29449,55,29351,3,29451,60,29453,44,29455,54,29454,104,29457,2044996,29457,0,29458,80,29459,0,29153,0,29459,2,29459,0,29460,266666,29460,34,29461,1401600,29462,1401600,29464,1401600,29468,1401600,29470,1382400,29471,1382400,29472,0,29472,0,
29450,0,29550,66,29451,3,29552,50,29554,50,29556,63,29555,104,29558,2688184,29558,0,29560,70,29561,0,29254,0,29562,2,29561,0,29562,266666,29563,28,29563,1305600,29564,1305600,29564,1305600,29565,1305600,29565,998400,29566,998400,29568,0,29569,0,
29551,0,29651,66,29553,3,29653,50,29655,60,29657,60,29655,104,29658,2236933,29658,0,29660,60,29661,0,29358,0,29662,2,29662,0,29662,266666,29664,28,29665,1401600,29665,1401600,29665,1401600,29666,1401600,29666,883200,29667,883200,29667,0,29668,0,
29651,0,29751,50,29653,3,29752,50,29753,44,29754,54,29753,104,29755,2150801,29755,20,29756,20,29757,0,29459,0,29757,2,29757,0,29757,266666,29757,28,29758,1401600,29758,1401600,29758,1401600,29759,1401600,29759,883200,29759,883200,29759,0,29760,0,
29751,0,29852,66,29752,3,29854,50,29855,55,29857,50,29856,104,29859,2116429,29858,0,29860,0,29861,0,29560,0,29862,2,29861,0,29862,266666,29863,28,29864,1401600,29867,1401600,29867,1401600,29868,1401600,29868,883200,29869,883200,29869,0,29869,0,
29852,0,29953,55,29854,3,29954,54,29956,58,29958,77,29956,104,29960,2197453,29959,0,29961,0,29962,0,29660,0,29963,2,29962,0,29963,266666,29964,28,29964,1401600,29965,1401600,29965,1401600,29966,1401600,29967,883200,29967,883200,29967,0,29968,0,
29953,0,30054,63,29955,3,30056,63,30057,63,30060,50,30058,104,30062,2196145,30062,10,30064,0,30065,0,29756,0,30066,2,30066,0,30066,266666,30069,28,30071,1401600,30072,1401600,30072,1401600,30072,1401600,30073,883200,30073,883200,30073,0,30074,0,
30054,0,30158,80,30056,3,30160,77,30162,75,30168,75,30162,104,30171,2681284,30171,36,30173,81,30174,0,29860,0,30174,2,30174,0,30175,266666,30175,28,30176,1401600,30176,1401600,30176,1401600,30176,1401600,30177,1804800,30177,1804800,30177,0,30177,0,
30158,0,30259,50,30160,3,30261,44,30263,55,30265,54,30264,104,30267,2697133,30267,0,30269,50,30270,0,29961,0,30271,2,30271,0,30272,266666,30273,28,30273,1401600,30274,1401600,30274,1401600,30274,1401600,30274,883200,30275,883200,30275,0,30275,0,
30260,0,30360,50,30261,3,30363,66,30365,63,30372,54,30366,104,30376,2390747,30375,40,30377,27,30378,0,30064,0,30378,2,30378,0,30378,266666,30379,28,30379,1305600,30380,1305600,30380,1305600,30380,1305600,30380,1248000,30381,1248000,30381,0,30381,0,
30360,0,30461,77,30363,3,30463,50,30465,50,30468,63,30466,104,30471,2148669,30470,0,30474,40,30474,0,30173,0,30475,2,30475,0,30475,266666,30476,28,30476,1305600,30477,1305600,30477,1305600,30477,1305600,30477,883200,30478,883200,30478,0,30478,0,
30461,0,30561,66,30463,3,30564,50,30569,63,30571,50,30569,104,30573,2070371,30573,0,30574,81,30575,0,30269,0,30575,2,30575,0,30575,266666,30576,42,30576,1401600,30577,1401600,30577,1401600,30577,1401600,30577,1612800,30577,1612800,30578,0,30578,0,
30562,0,30662,54,30564,3,30664,66,30667,45,30670,40,30667,104,30672,2835181,30672,0,30674,30,30675,0,30377,0,30675,2,30675,0,30675,266666,30676,42,30676,1401600,30677,1401600,30677,1401600,30677,1401600,30678,883200,30678,883200,30678,0,30679,0,
30662,0,30763,66,30665,3,30766,50,30771,77,30774,66,30771,104,30776,2630084,30776,0,30777,0,30778,0,30474,0,30778,2,30778,0,30779,266666,30779,42,30780,1401600,30780,1401600,30780,1401600,30780,1401600,30780,1382400,30781,1382400,30781,0,30781,0,
30764,0,30865,57,30766,3,30868,50,30871,60,30875,40,30873,104,30877,2489315,30877,44,30879,10,30880,0,30574,0,30881,2,30880,0,30881,266666,30882,42,30882,1017600,30882,1017600,30883,1017600,30883,1017600,30883,883200,30883,883200,30884,0,30884,0,
30865,0,30965,60,30868,3,30967,50,30969,62,30973,62,30970,104,30975,1915526,30975,22,30976,0,30977,0,30674,0,30977,2,30977,0,30977,266666,30978,42,30978,1401600,30978,1401600,30979,1401600,30979,1401600,30979,883200,30979,883200,30980,0,30980,0,
30965,0,31067,55,30968,3,31069,37,31072,50,31074,54,31073,104,31076,2371273,31076,72,31077,0,31078,0,30778,0,31078,2,31078,0,31079,266666,31079,42,31080,1401600,31081,1401600,31081,1401600,31082,1401600,31082,1382400,31082,1382400,31083,0,31083,0,
31067,0,31167,50,31069,3,31174,54,31176,44,31178,50,31177,104,31181,2175624,31180,0,31183,27,31183,0,30879,0,31184,2,31183,0,31184,266666,31184,42,31184,1401600,31185,1401600,31185,1401600,31185,1401600,31186,883200,31186,883200,31186,0,31187,0,
31167,0,31268,72,31174,3,31270,66,31272,66,31278,60,31272,104,31282,2824679,31282,60,31284,30,31284,0,30976,0,31284,2,31284,0,31285,266666,31285,42,31285,1401600,31286,1401600,31286,1401600,31286,1401600,31287,1382400,31287,1382400,31287,0,31287,0,
31268,0,31371,69,31270,3,31373,58,31374,63,31376,45,31374,104,31377,2693567,31377,20,31378,22,31379,0,31078,0,31379,2,31379,0,31379,266666,31380,42,31380,1401600,31380,1401600,31380,1401600,31381,1401600,31381,883200,31381,883200,31382,0,31382,0,
31371,0,31472,66,31373,3,31473,50,31474,63,31475,54,31474,104,31476,2577124,31476,44,31477,20,31477,0,31183,0,31477,2,31477,0,31477,266666,31478,42,31478,1190400,31478,1190400,31478,1190400,31478,1190400,31478,1382400,31479,1382400,31479,0,31479,0,
31472,0,31574,70,31473,3,31576,62,31578,50,31580,33,31579,104,31582,2269433,31581,30,31583,20,31584,0,31284,0,31584,2,31584,0,31585,266666,31585,40,31586,1401600,31586,1401600,31586,1401600,31587,1401600,31587,998400,31587,998400,31588,0,31588,0,
31574,0,31673,60,31577,3,31675,44,31677,55,31678,60,31677,104,31680,2527606,31680,55,31681,0,31682,0,31378,0,31682,2,31682,0,31683,266666,31683,40,31683,1401600,31684,1401600,31684,1401600,31684,1401600,31684,1612800,31685,1612800,31685,0,31685,0,
31674,0,31774,55,31675,3,31776,42,31778,44,31779,33,31778,104,31781,2245862,31781,33,31783,0,31784,0,31477,0,31785,2,31784,0,31785,266666,31785,40,31786,1401600,31786,1401600,31786,1401600,31786,1401600,31786,883200,31787,883200,31787,0,31787,0,
31775,0,31876,44,31776,3,31878,66,31880,44,31882,50,31881,104,31885,2270496,31884,33,31886,0,31887,0,31583,0,31888,2,31887,0,31888,266666,31889,40,31889,1401600,31889,1401600,31890,1401600,31890,1401600,31890,883200,31890,883200,31891,0,31891,0,
31877,0,31976,70,31878,3,31977,75,31979,60,31981,66,31980,104,31983,2579396,31983,0,31985,0,31985,0,31681,0,31986,2,31986,0,31986,266666,31987,40,31987,1401600,31988,1401600,31988,1401600,31988,1401600,31989,883200,31989,883200,31989,0,31990,0,
31976,0,32076,76,31978,3,32078,58,32080,70,32081,80,32080,104,32083,2709732,32083,18,32084,0,32085,0,31784,0,32085,2,32085,0,32085,266666,32086,40,32086,1401600,32086,1401600,32087,1401600,32087,1401600,32088,883200,32088,883200,32088,0,32088,0,
32076,0,32177,62,32078,3,32179,60,32180,50,32182,50,32181,104,32184,2399255,32184,40,32185,63,32186,0,31886,0,32186,2,32186,0,32187,266666,32187,40,32188,1305600,32188,1305600,32189,1305600,32189,1305600,32190,1382400,32190,1382400,32190,0,32191,0,
32177,0,32278,50,32179,3,32280,44,32282,50,32284,33,32282,104,32286,2266385,32286,0,32288,22,32289,0,31985,0,32289,2,32289,0,32290,266666,32290,40,32291,1401600,32291,1401600,32291,1401600,32292,1401600,32292,883200,32292,883200,32292,0,32293,0,
32278,0,32378,66,32280,3,32380,80,32382,62,32384,80,32382,104,32386,2745397,32385,0,32388,0,32388,0,32035,0,32389,2,32389,0,32389,266666,32390,40,32390,1401600,32391,1401600,32391,1401600,32392,1401600,32392,883200,32392,883200,32392,0,32393,0,
32378,0,32479,60,32380,3,32481,54,32482,45,32484,54,32483,104,32486,2359397,32485,45,32488,0,32489,0,32085,0,32490,2,32489,0,32490,266666,32491,40,32492,1401600,32492,1401600,32492,1401600,32492,1401600,32493,883200,32493,883200,32493,0,32493,0,
32479,0,32582,60,32481,3,32584,50,32586,70,32589,75,32587,104,32591,2638678,32591,54,32593,36,32594,0,32186,0,32594,2,32594,0,32594,266666,32595,42,32595,1305600,32595,1305600,32596,1305600,32596,1305600,32596,1382400,32597,1382400,32597,0,32597,0,
32582,0,32683,64,32584,3,32686,61,32689,50,32691,58,32689,104,32694,2680130,32694,40,32705,20,32709,0,32288,0,32710,2,32710,0,32710,266666,32711,42,32711,1305600,32711,1305600,32712,1305600,32712,1305600,32713,1382400,32713,1382400,32713,0,32713,0,
32683,0,32783,72,32686,3,32785,55,32787,44,32789,54,32787,104,32791,2365989,32791,10,32793,55,32794,0,32388,0,32794,2,32794,0,32794,266666,32795,42,32795,1305600,32795,1305600,32795,1305600,32796,1305600,32796,883200,32796,883200,32796,0,32797,0,
32783,0,32884,66,32785,3,32886,62,32887,55,32889,40,32888,104,32891,2337053,32891,0,32893,66,32894,0,32488,0,32894,2,32894,0,32894,266666,32895,42,32895,1401600,32895,1401600,32895,1401600,32895,1401600,32896,1612800,32896,1612800,32896,0,32896,0,
32884,0,32985,54,32886,3,32987,44,32988,40,32991,44,32989,104,32993,2582137,32992,0,32994,22,32995,0,32593,0,32995,2,32995,0,32996,266666,32996,42,32996,1401600,32997,1401600,32997,1401600,32997,1401600,32997,883200,32997,883200,32998,0,32998,0,
32985,0,33086,50,32987,3,33087,66,33090,66,33093,44,33091,104,33094,2433933,33094,9,33096,0,33096,0,32709,0,33097,2,33097,0,33097,266666,33098,42,33098,1401600,33098,1401600,33098,1401600,33098,1401600,33099,883200,33099,883200,33099,0,33099,0,
33086,0,33186,42,33088,3,33188,58,33190,55,33192,55,33190,104,33194,2276849,33194,10,33196,0,33196,0,32793,0,33197,2,33196,0,33197,266666,33197,42,33198,1401600,33198,1401600,33198,1401600,33198,1401600,33198,883200,33199,883200,33199,0,33199,0,
33187,0,33287,72,33188,3,33289,60,33291,44,33293,66,33291,104,33295,2466968,33294,9,33296,0,33297,0,32893,0,33297,2,33297,0,33298,266666,33298,42,33299,1401600,33299,1401600,33299,1401600,33299,1401600,33299,883200,33300,883200,33300,0,33300,0,
33287,0,33388,58,33289,3,33390,69,33392,83,33394,63,33392,104,33395,2656825,33395,10,33397,0,33398,0,32995,0,33398,2,33398,0,33399,266666,33399,42,33399,1401600,33399,1401600,33400,1401600,33400,1401600,33400,883200,33400,883200,33401,0,33401,0,
33388,0,33489,42,33390,3,33491,77,33493,63,33495,44,33493,104,33497,2344502,33496,0,33498,0,33499,0,33096,0,33499,2,33499,0,33500,266666,33500,42,33501,1401600,33501,1401600,33502,1401600,33510,1401600,33510,883200,33511,883200,33511,0,33511,0,
33489,0,33590,70,33491,3,33592,72,33594,63,33596,60,33594,104,33597,2611459,33597,11,33599,0,33599,0,33196,0,33600,2,33600,0,33600,266666,33600,43,33601,1401600,33601,1401600,33602,1401600,33602,1401600,33603,883200,33604,883200,33604,0,33605,0,
33590,0,33690,76,33592,3,33692,60,33693,55,33695,81,33694,104,33697,2819066,33697,62,33698,27,33699,0,33296,0,33699,2,33699,0,33700,266666,33700,43,33700,1401600,33701,1401600,33701,1401600,33701,1401600,33702,1804800,33702,1804800,33703,0,33703,0,
33690,0,33792,50,33692,3,33793,44,33795,60,33797,44,33795,104,33798,2691859,33798,27,33800,0,33800,0,33397,0,33801,2,33801,0,33801,266666,33802,43,33802,1401600,33803,1401600,33803,1401600,33803,1401600,33804,940800,33805,940800,33806,0,33807,0,
33792,0,33892,37,33794,3,33894,50,33896,50,33897,63,33896,104,33899,2333201,33899,40,33900,44,33901,0,33498,0,33902,2,33902,0,33903,266666,33903,43,33904,1401600,33905,1401600,33905,1401600,33908,1401600,33909,1382400,33909,1382400,33910,0,33911,0,
33892,0,33992,60,33894,3,33994,45,33996,54,33998,54,33996,104,33999,2543761,33999,0,34001,50,34001,0,33599,0,34002,2,34002,0,34003,266666,34004,43,34004,1401600,34005,1401600,34005,1401600,34008,1401600,34009,1382400,34009,1382400,34010,0,34010,0,
33993,0,34093,66,33994,3,34095,54,34097,54,34098,58,34097,104,34100,2935453,34099,41,34101,44,34101,0,33698,0,34101,2,34101,0,34102,266666,34102,43,34102,1401600,34103,1401600,34103,1401600,34103,1401600,34103,883200,34104,883200,34104,0,34104,0,
34093,0,34194,50,34095,3,34195,62,34197,37,34199,25,34197,104,34201,2262610,34200,30,34203,60,34204,0,33800,0,34204,2,34204,0,34205,266666,34206,43,34206,1305600,34207,1305600,34208,1305600,34209,1305600,34209,1382400,34210,1382400,34211,0,34211,0,
34194,0,34295,42,34195,3,34297,60,34298,50,34300,55,34299,104,34302,2641370,34302,30,34306,10,34307,0,33901,0,34309,2,34309,0,34310,266666,34311,43,34312,1401600,34313,1401600,34313,1401600,34314,1401600,34314,883200,34315,883200,34315,0,34315,0,
34295,0,34397,60,34297,3,34398,60,34400,60,34402,55,34400,104,34404,2477625,34404,11,34408,0,34408,0,34001,0,34409,2,34409,0,34409,266666,34410,43,34411,1401600,34411,1401600,34412,1401600,34412,1401600,34412,883200,34413,883200,34413,0,34414,0,
34397,0,34497,60,34398,3,34499,60,34500,77,34502,55,34501,104,34505,2583043,34505,22,34508,0,34509,0,34101,0,34510,2,34510,0,34512,266666,34513,43,34513,1401600,34514,1401600,34514,1401600,34514,1401600,34516,1612800,34516,1612800,34517,0,34517,0,
34497,0,34597,63,34499,3,34599,55,34600,60,34603,72,34601,104,34606,2507513,34606,0,34608,0,34610,0,34203,0,34611,2,34611,0,34612,266666,34612,40,34613,1401600,34613,1401600,34614,1401600,34614,1401600,34614,1382400,34614,1382400,34615,0,34615,0,
34597,0,34698,66,34599,3,34700,54,34701,63,34704,60,34702,104,34707,2764258,34707,60,34710,0,34711,0,34307,0,34713,2,34712,0,34713,266666,34714,40,34715,1401600,34715,1401600,34715,1401600,34716,1401600,34716,883200,34716,883200,34717,0,34717,0,
34698,0,34798,66,34700,3,34800,63,34803,60,34805,55,34803,104,34807,2416550,34807,0,34809,70,34812,0,34408,0,34813,2,34812,0,34813,266666,34813,40,34814,1401600,34814,1401600,34814,1401600,34815,1401600,34815,1382400,34816,1382400,34816,0,34816,0,
34799,0,34899,55,34801,3,34901,55,34902,40,34905,30,34903,104,34907,2443238,34907,0,34910,60,34911,0,34508,0,34915,2,34914,0,34915,266666,34916,40,34917,1401600,34917,1401600,34917,1401600,34918,1401600,34918,1382400,34918,1382400,34919,0,34919,0,
34899,0,35000,70,34901,3,35001,60,35003,55,35005,40,35003,104,35007,2814876,35007,27,35009,45,35010,0,34609,0,35010,2,35010,0,35011,266666,35014,40,35015,1401600,35015,1401600,35015,1401600,35016,1401600,35016,883200,35016,883200,35016,0,35017,0,
35000,0,35101,63,35001,3,35102,66,35104,50,35107,44,35105,104,35109,2419711,35108,0,35112,80,35112,0,34711,0,35113,2,35113,0,35113,266666,35114,40,35114,1401600,35115,1401600,35115,1401600,35115,1401600,35115,883200,35116,883200,35116,0,35116,0,
35101,0,35201,66,35103,3,35203,50,35210,50,35213,44,35210,104,35214,2442274,35214,0,35216,75,35216,0,34811,0,35217,2,35217,0,35217,266666,35217,40,35218,1305600,35218,1305600,35218,1305600,35218,1305600,35219,1612800,35219,1612800,35219,0,35219,0,
35201,0,35302,69,35203,3,35305,45,35308,54,35313,60,35311,104,35318,2991822,35318,33,35320,10,35320,0,34910,0,35321,2,35321,0,35322,266666,35322,40,35323,1017600,35323,1017600,35323,1017600,35324,1017600,35324,883200,35324,883200,35325,0,35325,0,
35303,0,35403,72,35305,3,35405,66,35407,50,35410,44,35407,104,35413,1840080,35412,11,35414,20,35415,0,35009,0,35416,2,35416,0,35416,266666,35417,40,35417,1401600,35418,1401600,35418,1401600,35419,1401600,35419,883200,35419,883200,35419,0,35419,0,
35403,0,35504,66,35405,3,35506,60,35509,80,35514,50,35510,104,35516,2546624,35516,0,35517,0,35518,0,35112,0,35519,2,35519,0,35519,266666,35519,40,35520,1401600,35520,1401600,35520,1401600,35521,1401600,35521,883200,35521,883200,35521,0,35522,0,
35504,0,35604,77,35506,3,35606,72,35611,66,35614,66,35612,104,35617,2691638,35616,18,35619,0,35620,0,35216,0,35621,2,35620,0,35621,266666,35622,38,35623,1401600,35623,1401600,35624,1401600,35624,1401600,35624,883200,35625,883200,35626,0,35626,0,
35604,0,35655,66,35607,3,35656,80,35658,66,35660,60,35658,104,35663,2548912,35663,0,35666,0,35704,0,35320,0,35705,2,35705,0,35705,266666,35706,38,35707,1401600,35707,1401600,35708,1401600,35708,1401600,35709,1382400,35709,1382400,35710,0,35710,0,
35655,0,35755,55,35656,3,35757,55,35759,66,35761,42,35759,104,35764,2594645,35763,63,35766,0,35767,0,35415,0,35768,2,35768,0,35768,266666,35769,38,35770,1401600,35770,1401600,35770,1401600,35771,1401600,35772,883200,35772,883200,35773,0,35773,0,
35755,0,35856,62,35757,3,35858,66,35859,63,35862,58,35860,104,35867,2632327,35866,77,35869,0,35869,0,35518,0,35870,2,35870,0,35870,266666,35871,38,35872,1401600,35873,1401600,35873,1401600,35874,1401600,35874,1382400,35875,1382400,35875,0,35876,0,
35856,0,35957,54,35858,3,35958,50,35963,50,35968,50,35964,104,35972,2480727,35972,58,35974,16,35975,0,35619,0,35975,2,35975,0,35976,266666,35978,38,35979,1401600,35979,1401600,35980,1401600,35980,1401600,35980,883200,35981,883200,35982,0,35983,0,
35957,0,36058,55,35959,3,36059,58,36062,50,36064,58,36062,104,36067,2446139,36067,55,36069,0,36070,0,35703,0,36070,2,36070,0,36071,266666,36071,38,36072,1305600,36073,1305600,36073,1305600,36074,1305600,36075,1382400,36076,1382400,36076,0,36078,0,
36058,0,36158,72,36060,3,36160,60,36162,63,36164,63,36162,104,36167,2705913,36167,70,36169,9,36169,0,35767,0,36170,2,36170,0,36170,266666,36171,38,36171,1382400,36172,1382400,36173,1305600,36174,1305600,36174,883200,36175,883200,36175,0,36176,0,
36158,0,36259,55,36160,3,36260,50,36262,50,36267,40,36264,104,36271,2062435,36271,9,36273,72,36274,0,35869,0,36274,2,36274,0,36275,266666,36278,38,36279,1401600,36280,1401600,36280,1401600,36282,1401600,36282,1612800,36284,1612800,36285,0,36285,0,
36259,0,36360,63,36261,3,36362,55,36364,55,36367,60,36364,104,36369,2862433,36369,0,36370,50,36371,0,35974,0,36371,2,36371,0,36371,266666,36372,38,36372,1305600,36372,1305600,36372,1305600,36372,1305600,36373,883200,36373,883200,36373,0,36374,0,
36360,0,36461,77,36362,3,36466,60,36467,66,36468,62,36467,104,36469,2552926,36469,27,36470,55,36470,0,36069,0,36471,2,36471,0,36471,266666,36471,38,36472,1305600,36472,1305600,36472,1305600,36472,1401600,36472,1804800,36472,1804800,36473,0,36473,0,
36461,0,36562,90,36466,3,36564,100,36566,90,36568,90,36566,104,36570,3867085,36569,44,36571,30,36572,0,36169,0,36573,2,36572,0,36573,266666,36574,38,36577,1401600,36577,1401600,36578,1401600,36578,1401600,36579,883200,36579,883200,36579,0,36580,0,
36562,0,36662,83,36564,3,36664,77,36665,77,36668,70,36666,104,36672,2941757,36672,33,36674,30,36674,0,36273,0,36675,2,36675,0,36676,266666,36676,41,36677,1401600,36677,1401600,36678,1401600,36678,1401600,36679,1612800,36679,1612800,36680,0,36680,0,
36662,0,36763,66,36664,3,36765,66,36766,60,36769,44,36767,104,36770,2996273,36770,50,36772,20,36773,0,36370,0,36774,2,36774,0,36775,266666,36775,41,36776,1401600,36776,1401600,36777,1401600,36777,1401600,36778,1382400,36779,1382400,36779,0,36779,0,
36763,0,36864,70,36765,3,36866,37,36868,44,36870,54,36868,104,36872,2741986,36872,72,36875,0,36875,0,36470,0,36877,2,36876,0,36877,266666,36878,41,36879,1305600,36880,1305600,36881,1305600,36882,1305600,36882,883200,36883,883200,36883,0,36884,0,
36864,0,36965,44,36866,3,36966,60,36968,37,36970,37,36969,104,36972,2140721,36972,77,36975,0,36975,0,36572,0,36976,2,36976,0,36979,266666,36981,41,36982,1382400,36982,1382400,36982,1382400,36983,1382400,36985,1612800,36986,1612800,36986,0,36987,0,
36965,0,37065,66,36967,3,37067,60,37069,54,37072,44,37069,104,37074,2832527,37074,72,37076,0,37085,0,36674,0,37086,2,37086,0,37087,266666,37088,41,37089,1305600,37089,1305600,37090,1305600,37090,1305600,37091,1382400,37091,1382400,37092,0,37092,0,
37065,0,37166,42,37067,3,37167,60,37169,60,37172,60,37170,104,37174,2449542,37173,50,37176,20,37177,0,36773,0,37180,2,37178,0,37181,266666,37183,41,37183,1401600,37184,1401600,37185,1401600,37185,1401600,37186,1382400,37186,1382400,37187,0,37187,0,
37166,0,37267,66,37168,3,37269,50,37270,55,37273,50,37271,104,37276,2414000,37276,0,37287,81,37288,0,36875,0,37289,2,37289,0,37290,266666,37290,41,37291,1401600,37292,1401600,37292,1401600,37292,1401600,37292,1804800,37292,1804800,37293,0,37293,0,
37267,0,37367,66,37269,3,37369,66,37371,63,37373,54,37371,104,37376,3313372,37375,11,37381,70,37382,0,36975,0,37384,2,37383,0,37384,266666,37386,41,37387,1401600,37388,1401600,37389,1401600,37389,1401600,37390,1804800,37391,1804800,37392,0,37392,0,
37367,0,37468,70,37369,3,37470,66,37472,70,37474,50,37472,104,37480,3244929,37480,10,37484,77,37485,0,37076,0,37486,2,37485,0,37486,266666,37488,41,37488,1401600,37489,1401600,37490,1401600,37490,1401600,37491,1804800,37492,1804800,37492,0,37492,0,
37468,0,37569,57,37470,3,37571,50,37573,55,37581,44,37574,104,37584,2915696,37583,0,37585,72,37587,0,37176,0,37588,2,37587,0,37588,266666,37589,40,37590,1401600,37590,1401600,37591,1401600,37592,1401600,37592,1804800,37593,1804800,37593,0,37593,0,
37569,0,37670,54,37571,3,37672,55,37679,54,37682,40,37679,104,37687,2916230,37687,9,37694,9,37694,0,37287,0,37695,2,37694,0,37695,266666,37695,40,37696,1401600,37696,1401600,37696,1401600,37696,1401600,37697,883200,37697,883200,37697,0,37697,0,
37670,0,37771,60,37672,3,37774,63,37777,61,37783,63,37782,104,37786,2460608,37786,0,37788,10,37789,0,37381,0,37790,2,37790,0,37790,266666,37793,40,37793,1401600,37794,1401600,37794,1401600,37794,1401600,37794,883200,37794,883200,37795,0,37795,0,
37771,0,37871,72,37774,3,37874,60,37877,60,37882,54,37877,104,37886,2552662,37885,33,37890,20,37891,0,37484,0,37892,2,37892,0,37892,266666,37893,40,37893,1305600,37894,1305600,37894,1305600,37894,1305600,37895,1382400,37895,1382400,37895,0,37896,0,
37872,0,37972,69,37874,3,37974,58,37977,60,37984,44,37978,104,37990,2302721,37989,0,37993,80,37993,0,37586,0,37993,2,37993,0,37993,266666,37994,40,37994,1401600,37994,1401600,37994,1401600,37995,1401600,37995,1612800,37995,1612800,37995,0,37995,0,
37972,0,38073,81,37974,3,38075,58,38078,66,38084,54,38082,104,38088,3116736,38087,0,38090,37,38092,0,37694,0,38093,2,38093,0,38093,266666,38094,40,38094,1401600,38094,1401600,38094,1401600,38095,1401600,38095,1804800,38095,1804800,38095,0,38095,0,
38073,0,38173,60,38075,3,38176,55,38179,55,38183,40,38180,104,38185,2552690,38185,0,38189,90,38190,0,37788,0,38191,2,38191,0,38192,266666,38192,40,38193,1401600,38193,1401600,38193,1401600,38193,1401600,38193,1804800,38193,1804800,38193,0,38193,0,
38174,0,38274,62,38177,3,38275,70,38278,63,38280,37,38278,104,38283,3174136,38283,0,38287,80,38288,0,37890,0,38288,2,38288,0,38289,266666,38289,40,38290,1401600,38290,1401600,38290,1401600,38291,1401600,38291,883200,38292,883200,38292,0,38292,0,
38274,0,38375,50,38276,3,38376,44,38378,16,38381,37,38379,104,38384,2264240,38383,70,38385,0,38386,0,37993,0,38387,2,38387,0,38387,266666,38392,40,38392,1401600,38392,1401600,38393,1401600,38393,1401600,38393,1612800,38393,1612800,38393,0,38393,0,
38375,0,38475,60,38376,3,38478,55,38480,60,38483,60,38480,104,38486,2971983,38486,80,38488,0,38489,0,38091,0,38489,2,38489,0,38490,266666,38491,40,38492,1305600,38492,1305600,38493,1305600,38493,1305600,38493,1804800,38494,1804800,38494,0,38494,0,
38476,0,38576,55,38478,3,38579,44,38582,63,38585,40,38583,104,38588,2121366,38588,10,38590,45,38591,0,38189,0,38592,2,38592,0,38593,266666,38593,40,38594,1305600,38594,1305600,38595,1305600,38595,1305600,38596,1382400,38596,1382400,38596,0,38597,0,
38577,0,38677,60,38580,3,38679,90,38683,63,38686,55,38684,104,38688,2825583,38687,30,38689,36,38690,0,38287,0,38691,2,38691,0,38691,266666,38692,38,38693,1401600,38693,1401600,38693,1401600,38694,1401600,38694,883200,38695,883200,38695,0,38696,0,
38678,0,38778,61,38680,3,38780,50,38782,63,38785,45,38783,104,38788,2379263,38788,16,38790,0,38790,0,38385,0,38791,2,38791,0,38792,266666,38792,38,38793,1401600,38793,1401600,38794,1401600,38794,1401600,38794,883200,38795,883200,38795,0,38795,0,
38778,0,38880,66,38780,3,38883,72,38885,66,38888,60,38886,104,38890,2679524,38889,62,38892,0,38893,0,38488,0,38893,2,38893,0,38894,266666,38894,38,38894,1401600,38895,1401600,38895,1401600,38895,1401600,38895,1804800,38896,1804800,38896,0,38896,0,
38881,0,38980,66,38883,3,38983,55,38985,50,38988,44,38986,104,38991,2454113,38991,27,38993,54,38994,0,38591,0,38994,2,38994,0,38995,266666,38995,38,38995,1305600,38996,1305600,38996,1305600,38996,1305600,38996,940800,38997,940800,38997,0,38997,0,
38980,0,39080,55,38983,3,39082,62,39084,55,39088,40,39085,104,39090,2377175,39090,50,39091,33,39092,0,38689,0,39092,2,39092,0,39093,266666,39094,38,39094,1305600,39095,1305600,39095,1305600,39095,1305600,39095,1382400,39096,1382400,39096,0,39096,0,
39080,0,39182,62,39082,3,39184,45,39188,37,39190,40,39189,104,39193,2143633,39193,9,39195,63,39195,0,38790,0,39196,2,39196,0,39196,266666,39197,38,39197,1305600,39201,1305600,39203,1305600,39204,1305600,39205,883200,39208,883200,39209,0,39209,0,
39182,0,39281,63,39184,3,39282,50,39283,60,39285,55,39284,104,39287,2409138,39286,33,39288,60,39288,0,38893,0,39288,2,39288,0,39289,266666,39289,38,39289,1401600,39290,1401600,39290,1401600,39290,1401600,39290,883200,39290,883200,39291,0,39291,0,
39281,0,39382,63,39282,3,39385,44,39387,54,39390,40,39388,104,39394,2371670,39393,27,39395,22,39396,0,38993,0,39397,2,39396,0,39397,266666,39398,38,39398,1382400,39398,1382400,39399,1382400,39399,1382400,39399,940800,39400,940800,39400,0,39400,0,
39382,0,39482,66,39385,3,39483,54,39484,54,39486,54,39484,104,39489,2322582,39489,0,39491,66,39492,0,39092,0,39493,2,39493,0,39493,266666,39494,38,39494,1305600,39494,1305600,39494,1305600,39495,1305600,39495,1612800,39495,1612800,39496,0,39496,0,
39482,0,39584,66,39483,3,39586,55,39588,44,39591,12,39589,104,39593,2430051,39593,9,39595,63,39595,0,39195,0,39596,2,39595,0,39596,266666,39596,38,39597,1401600,39601,1401600,39602,1401600,39602,1401600,39604,1382400,39605,1382400,39607,0,39608,0,
39584,0,39684,63,39586,3,39686,50,39688,50,39690,44,39689,104,39692,2528300,39692,0,39694,55,39695,0,39288,0,39695,2,39695,0,39695,266666,39696,35,39696,1401600,39697,1401600,39697,1401600,39697,1401600,39697,883200,39698,883200,39698,0,39699,0,
39684,0,39785,70,39686,3,39787,37,39789,55,39791,33,39789,104,39794,2303787,39793,40,39795,20,39796,0,39395,0,39796,2,39796,0,39796,266666,39797,35,39797,1401600,39798,1401600,39798,1401600,39798,1401600,39799,1612800,39799,1612800,39799,0,39800,0,
39785,0,39886,50,39787,3,39888,44,39890,45,39892,22,39890,104,39895,2281943,39894,40,39896,0,39897,0,39492,0,39897,2,39897,0,39898,266666,39898,35,39899,1401600,39899,1401600,39899,1401600,39899,1401600,39900,883200,39900,883200,39901,0,39901,0,
39886,0,39986,57,39888,3,39988,60,39989,90,39991,77,39990,104,39994,2595363,39994,10,39995,0,39996,0,39595,0,39997,2,39996,0,39997,266666,39998,35,39998,1401600,39999,1401600,39999,1401600,39999,1401600,39999,883200,40000,883200,40000,0,40000,0,
39986,0,40086,69,39988,3,40088,61,40089,54,40092,54,40090,104,40096,2317920,40095,10,40097,0,40098,0,39695,0,40099,2,40099,0,40099,266666,40100,35,40104,1190400,40105,1190400,40106,1190400,40107,1190400,40110,883200,40110,883200,40110,0,40111,0,
40086,0,40189,60,40088,3,40191,55,40193,44,40195,50,40193,104,40200,2049915,40200,80,40202,9,40203,0,39795,0,40204,2,40203,0,40204,266666,40205,35,40205,1401600,40206,1401600,40206,1401600,40207,1401600,40207,1382400,40208,1382400,40208,0,40209,0,
40189,0,40290,50,40191,3,40292,58,40294,44,40296,50,40295,104,40298,2478743,40298,60,40300,10,40300,0,39896,0,40301,2,40300,0,40301,266666,40302,35,40302,1401600,40303,1401600,40303,1401600,40303,1401600,40304,883200,40304,883200,40305,0,40305,0,
40290,0,40391,44,40293,3,40395,50,40397,50,40399,40,40398,104,40401,2044154,40401,18,40404,60,40404,0,39996,0,40405,2,40405,0,40405,266666,40406,35,40407,1305600,40407,1305600,40408,1305600,40408,1305600,40408,1612800,40409,1612800,40409,0,40410,0,
40392,0,40491,70,40396,3,40491,50,40492,50,40493,37,40493,104,40494,2498197,40494,10,40495,33,40496,0,40098,0,40496,2,40496,0,40496,266666,40496,35,40497,1305600,40497,1305600,40497,1305600,40497,1305600,40497,1382400,40497,1382400,40497,0,40498,0,
40491,0,40592,72,40492,3,40593,60,40595,44,40596,44,40595,104,40598,2653519,40598,72,40599,0,40600,0,40202,0,40600,2,40600,0,40601,266666,40601,35,40601,1401600,40602,1401600,40602,1401600,40602,1401600,40602,1382400,40603,1382400,40603,0,40603,0,
40592,0,40693,71,40593,3,40695,55,40697,45,40699,53,40697,104,40700,2499415,40700,50,40702,0,40702,0,40300,0,40703,2,40703,0,40703,266666,40703,39,40704,1401600,40704,1401600,40704,1401600,40704,1401600,40704,883200,40705,883200,40705,0,40705,0,
40694,0,40793,70,40695,3,40794,50,40796,66,40797,33,40796,104,40799,2455219,40799,72,40800,0,40800,0,40404,0,40801,2,40800,0,40801,266666,40801,39,40802,1401600,40802,1401600,40802,1401600,40803,1401600,40803,1612800,40803,1612800,40803,0,40803,0,
40793,0,40894,37,40795,3,40895,50,40898,77,40900,40,40898,104,40902,2492381,40901,44,40903,0,40904,0,40495,0,40904,2,40904,0,40904,266666,40905,39,40905,1401600,40905,1401600,40905,1401600,40906,1401600,40906,883200,40906,883200,40906,0,40906,0,
40894,0,40995,72,40896,3,40997,70,40999,33,41001,44,41000,104,41003,2273471,41003,9,41005,9,41005,0,40600,0,41006,2,41006,0,41006,266666,41007,39,41007,1401600,41008,1401600,41008,1401600,41009,1401600,41009,883200,41010,883200,41011,0,41012,0,
40995,0,41096,55,40997,3,41098,66,41099,66,41101,66,41100,104,41103,2507387,41102,10,41104,66,41105,0,40702,0,41105,2,41105,0,41105,266666,41106,39,41106,1401600,41107,1401600,41107,1401600,41107,1401600,41108,883200,41108,883200,41109,0,41109,0,
41096,0,41196,55,41098,3,41198,30,41199,44,41201,45,41200,104,41203,2270354,41202,36,41204,30,41205,0,40800,0,41205,2,41205,0,41205,266666,41206,39,41206,1401600,41207,1401600,41207,1401600,41207,1401600,41207,883200,41207,883200,41208,0,41208,0,
41197,0,41297,55,41198,3,41298,44,41300,60,41302,50,41300,104,41304,2331438,41304,20,41305,50,41306,0,40903,0,41306,2,41306,0,41307,266666,41307,39,41308,1401600,41308,1401600,41308,1401600,41309,1401600,41309,1612800,41309,1612800,41310,0,41310,0,
41297,0,41397,63,41298,3,41399,66,41400,63,41402,40,41400,104,41403,3324325,41403,81,41405,9,41405,0,41005,0,41405,2,41405,0,41406,266666,41406,39,41407,1401600,41407,1401600,41407,1401600,41408,1401600,41408,1612800,41408,1612800,41409,0,41409,0,
41397,0,41498,50,41399,3,41499,40,41501,58,41503,30,41501,104,41505,2320322,41505,33,41506,0,41507,0,41104,0,41507,2,41507,0,41508,266666,41508,39,41509,1401600,41509,1401600,41509,1401600,41509,1401600,41510,883200,41510,883200,41510,0,41510,0,
41498,0,41599,66,41499,3,41600,50,41602,80,41604,40,41602,104,41606,2381774,41605,11,41608,0,41608,0,41204,0,41609,2,41609,0,41609,266666,41610,39,41610,1401600,41610,1401600,41611,1401600,41611,1401600,41611,883200,41612,883200,41612,0,41612,0,
41599,0,41699,37,41600,3,41701,55,41702,54,41704,55,41703,104,41706,2196641,41706,20,41707,30,41708,0,41305,0,41708,2,41708,0,41708,266666,41709,38,41709,1401600,41710,1401600,41710,1401600,41711,1401600,41711,1612800,41711,1612800,41712,0,41712,0,
41700,0,41800,63,41701,3,41801,33,41803,33,41805,45,41803,104,41807,2437989,41806,33,41808,10,41809,0,41405,0,41809,2,41809,0,41810,266666,41810,38,41811,1401600,41811,1401600,41812,1401600,41812,1401600,41812,1382400,41812,1382400,41813,0,41813,0,
41800,0,41901,37,41801,3,41902,50,41904,60,41905,40,41904,104,41907,2625812,41907,90,41908,9,41909,0,41506,0,41909,2,41909,0,41909,266666,41910,38,41910,1401600,41911,1401600,41911,1401600,41911,1401600,41911,1612800,41911,1612800,41912,0,41912,0,
41901,0,42002,55,41902,3,42004,53,42006,33,42009,30,42007,104,42011,2214116,42011,27,42013,10,42013,0,41608,0,42014,2,42014,0,42014,266666,42014,38,42015,1401600,42015,1401600,42016,1401600,42017,1401600,42017,1804800,42018,1804800,42018,0,42019,0,
42003,0,42103,75,42005,3,42105,50,42106,58,42108,30,42107,104,42110,2285279,42110,0,42112,33,42113,0,41707,0,42113,2,42113,0,42113,266666,42114,38,42114,1401600,42114,1401600,42115,1401600,42115,1401600,42115,883200,42115,883200,42116,0,42116,0,
42103,0,42203,63,42105,3,42205,60,42207,66,42209,66,42207,104,42211,2636781,42210,33,42213,0,42213,0,41808,0,42214,2,42214,0,42214,266666,42215,38,42216,1401600,42217,1401600,42220,1401600,42222,1401600,42222,883200,42223,883200,42223,0,42224,0,
42204,0,42304,75,42205,3,42306,70,42308,60,42310,50,42308,104,42312,2446379,42312,0,42314,0,42314,0,41908,0,42315,2,42315,0,42315,266666,42316,38,42316,1401600,42317,1401600,42317,1401600,42318,1401600,42318,883200,42319,883200,42319,0,42319,0,
42304,0,42405,55,42306,3,42406,50,42408,55,42410,44,42408,104,42412,2190707,42412,18,42414,0,42414,0,42013,0,42415,2,42415,0,42415,266666,42417,38,42418,1401600,42418,1401600,42419,1401600,42420,1401600,42421,883200,42423,883200,42423,0,42423,0,
42405,0,42505,72,42406,3,42507,37,42509,37,42510,60,42509,104,42512,2228734,42512,27,42514,0,42514,0,42112,0,42524,2,42524,0,42524,266666,42525,38,42525,1401600,42525,1401600,42526,1401600,42526,1401600,42526,1382400,42527,1382400,42527,0,42527,0,
42506,0,42606,66,42507,3,42608,50,42610,28,42612,33,42610,104,42614,2329672,42614,60,42616,0,42616,0,42213,0,42617,2,42617,0,42618,266666,42619,38,42620,1401600,42620,1401600,42620,1401600,42621,1401600,42622,883200,42622,883200,42623,0,42623,0,
42607,0,42707,55,42608,3,42709,50,42711,55,42713,44,42711,104,42715,2346491,42715,72,42717,0,42718,0,42314,0,42718,2,42718,0,42719,266666,42720,41,42721,1401600,42722,1401600,42722,1401600,42723,1401600,42723,940800,42724,940800,42724,0,42725,0,
42707,0,42808,69,42709,3,42811,55,42813,54,42815,55,42813,104,42818,2368464,42817,0,42819,20,42820,0,42414,0,42821,2,42821,0,42822,266666,42823,41,42824,1305600,42824,1305600,42825,1305600,42825,1305600,42826,883200,42826,883200,42827,0,42827,0,
42809,0,42909,57,42811,3,42912,75,42914,63,42916,60,42915,104,42919,2389587,42919,0,42927,0,42928,0,42514,0,42929,2,42929,0,42930,266666,42931,41,42931,1305600,42932,1305600,42932,1305600,42932,1305600,42932,883200,42933,883200,42933,0,42934,0,
42909,0,43010,72,42913,3,43012,50,43014,62,43015,42,43014,104,43018,2176229,43017,0,43019,0,43020,0,42616,0,43021,2,43020,0,43021,266666,43022,41,43022,1305600,43023,1305600,43024,1305600,43024,1305600,43024,883200,43025,883200,43025,0,43027,0,
43010,0,43111,80,43012,3,43112,60,43114,72,43116,60,43115,104,43118,2567382,43118,50,43120,0,43121,0,42717,0,43123,2,43122,0,43124,266666,43125,41,43125,1401600,43126,1401600,43126,1401600,43126,1401600,43126,1612800,43127,1612800,43127,0,43127,0,
43111,0,43211,60,43113,3,43213,28,43215,55,43217,44,43215,104,43220,2433986,43219,45,43222,0,43222,0,42820,0,43223,2,43223,0,43223,266666,43224,41,43224,1401600,43225,1401600,43225,1401600,43226,1401600,43226,883200,43227,883200,43227,0,43228,0,
43212,0,43312,72,43213,3,43314,63,43316,72,43318,50,43316,104,43320,2542065,43320,10,43324,0,43326,0,42927,0,43327,2,43326,0,43327,266666,43327,41,43328,1401600,43328,1401600,43329,1401600,43329,1401600,43330,883200,43330,883200,43331,0,43331,0,
43312,0,43413,63,43314,3,43415,50,43416,62,43419,55,43417,104,43421,2379218,43421,10,43425,0,43425,0,43020,0,43426,2,43426,0,43426,266666,43427,41,43427,1401600,43428,1401600,43428,1401600,43428,1401600,43429,883200,43429,883200,43430,0,43430,0,
43413,0,43514,80,43415,3,43515,60,43517,63,43520,60,43517,104,43522,2728267,43522,62,43523,0,43524,0,43121,0,43525,2,43524,0,43526,266666,43527,41,43528,1305600,43529,1305600,43529,1305600,43529,1305600,43529,1382400,43530,1382400,43530,0,43530,0,
43514,0,43614,50,43515,3,43616,54,43618,54,43621,28,43619,104,43623,2256309,43623,50,43627,80,43628,0,43222,0,43628,2,43628,0,43629,266666,43630,41,43630,806400,43631,806400,43631,806400,43632,806400,43632,1804800,43632,1804800,43633,0,43633,0,
43614,0,43715,37,43616,3,43717,55,43719,50,43722,33,43720,104,43724,2444498,43723,33,43726,0,43726,0,43324,0,43727,2,43727,0,43727,266666,43727,40,43728,1305600,43728,1305600,43728,1305600,43728,1305600,43728,883200,43729,883200,43729,0,43729,0,
43715,0,43815,55,43717,3,43817,60,43819,44,43822,50,43820,104,43824,2118649,43823,18,43825,22,43826,0,43425,0,43827,2,43827,0,43827,266666,43828,40,43828,1382400,43828,1382400,43829,1382400,43829,1382400,43829,1305600,43829,1305600,43830,0,43830,0,
43816,0,43916,66,43817,3,43918,54,43921,55,43923,50,43921,104,43925,2872589,43925,90,43927,0,43928,0,43524,0,43930,2,43930,0,43930,266666,43931,40,43932,1401600,43932,1401600,43932,1401600,43932,1401600,43933,1612800,43933,1612800,43933,0,43933,0,
43916,0,44017,72,43918,3,44020,54,44022,54,44026,60,44022,104,44027,3009761,44027,81,44029,30,44029,0,43627,0,44030,2,44030,0,44030,266666,44031,40,44032,1401600,44032,1401600,44033,1401600,44033,1401600,44034,1612800,44034,1612800,44034,0,44035,0,
44017,0,44119,75,44020,3,44124,72,44125,72,44127,66,44126,104,44129,3395495,44129,66,44131,50,44132,0,43726,0,44132,2,44132,0,44133,266666,44133,40,44134,1401600,44135,1401600,44135,1401600,44136,1401600,44137,1804800,44138,1804800,44138,0,44138,0,
44120,0,44218,66,44124,3,44221,55,44226,63,44228,60,44226,104,44230,3062076,44229,20,44232,60,44232,0,43826,0,44233,2,44233,0,44233,266666,44234,40,44235,1401600,44236,1401600,44237,1401600,44238,1401600,44239,1804800,44239,1804800,44239,0,44240,0,
44219,0,44320,72,44221,3,44322,60,44324,55,44327,60,44324,104,44329,3080170,44329,10,44331,41,44331,0,43927,0,44332,2,44332,0,44332,266666,44333,40,44333,1401600,44334,1401600,44334,1401600,44334,1401600,44334,883200,44334,883200,44335,0,44335,0,
44320,0,44421,70,44322,3,44423,50,44425,66,44428,66,44425,104,44430,2660973,44430,27,44432,80,44432,0,44029,0,44433,2,44433,0,44433,266666,44434,40,44434,1401600,44435,1401600,44436,1401600,44436,1401600,44437,1612800,44437,1612800,44438,0,44438,0,
44421,0,44521,63,44423,3,44524,54,44528,33,44530,44,44528,104,44533,2861883,44532,18,44534,20,44535,0,44131,0,44536,2,44536,0,44536,266666,44537,40,44537,1401600,44537,1401600,44538,1401600,44538,1401600,44538,883200,44539,883200,44539,0,44539,0,
44521,0,44622,55,44524,3,44624,37,44626,63,44628,55,44626,104,44630,2300915,44630,11,44632,0,44632,0,44232,0,44633,2,44632,0,44633,266666,44633,40,44634,1401600,44634,1401600,44634,1401600,44635,1401600,44635,883200,44635,883200,44635,0,44636,0,
44622,0,44722,63,44624,3,44724,50,44726,60,44728,50,44726,104,44731,2315855,44730,9,44732,0,44733,0,44331,0,44733,2,44733,0,44734,266666,44734,41,44735,1401600,44735,1401600,44735,1401600,44735,1401600,44736,883200,44736,883200,44736,0,44737,0,
44722,0,44824,66,44724,3,44826,58,44829,66,44832,37,44830,104,44834,2332275,44834,0,44836,0,44837,0,44432,0,44837,2,44837,0,44838,266666,44838,41,44838,1401600,44839,1401600,44839,1401600,44839,1401600,44839,883200,44839,883200,44840,0,44840,0,
44824,0,44924,63,44827,3,44926,55,44928,55,44932,63,44930,104,44934,2415407,44934,10,44935,0,44936,0,44534,0,44936,2,44936,0,44936,266666,44937,41,44937,1401600,44937,1401600,44937,1401600,44938,1401600,44938,883200,44938,883200,44938,0,44938,0,
44924,0,45025,75,44926,3,45027,66,45031,55,45033,66,45032,104,45035,2765509,45035,77,45037,10,45038,0,44632,0,45039,2,45039,0,45039,266666,45040,41,45040,1401600,45040,1401600,45040,1401600,45041,1401600,45041,998400,45041,998400,45041,0,45041,0,
45025,0,45125,55,45027,3,45128,66,45131,54,45133,44,45132,104,45135,2458585,45135,40,45136,40,45137,0,44733,0,45137,2,45137,0,45137,266666,45138,41,45138,1401600,45138,1401600,45138,1401600,45138,1401600,45139,1382400,45139,1382400,45139,0,45139,0,
45125,0,45227,55,45129,3,45230,72,45233,55,45235,33,45233,104,45236,2548786,45236,9,45238,25,45238,0,44836,0,45238,2,45238,0,45239,266666,45239,41,45240,1401600,45240,1382400,45240,1382400,45241,1382400,45241,1382400,45241,1382400,45241,0,45241,0,
45227,0,45328,66,45230,3,45329,63,45331,50,45333,50,45332,104,45335,2587523,45335,20,45336,55,45337,0,44936,0,45337,2,45337,0,45338,266666,45338,41,45338,1305600,45339,1305600,45339,1305600,45339,1305600,45339,883200,45339,883200,45339,0,45340,0,
45328,0,45429,63,45330,3,45432,44,45434,66,45436,45,45435,104,45438,2291957,45438,0,45440,10,45440,0,45038,0,45441,2,45441,0,45441,266666,45442,41,45442,1401600,45443,1401600,45444,1401600,45444,1401600,45444,883200,45445,883200,45445,0,45445,0,
45430,0,45533,83,45432,3,45535,70,45541,88,45546,69,45542,104,45548,2907886,45547,16,45549,9,45550,0,45137,0,45550,2,45550,0,45551,266666,45552,41,45552,1401600,45553,1401600,45553,1401600,45554,1401600,45554,883200,45555,883200,45555,0,45556,0,
45533,0,45632,62,45535,3,45634,54,45636,62,45638,62,45636,104,45640,2580891,45639,50,45641,0,45642,0,45238,0,45642,2,45642,0,45642,266666,45643,41,45643,1401600,45651,1401600,45653,1401600,45653,1401600,45654,1382400,45654,1382400,45654,0,45654,0,
45633,0,45732,62,45634,3,45734,50,45735,60,45737,25,45736,104,45738,2469700,45738,54,45740,10,45740,0,45337,0,45741,2,45741,0,45741,266666,45742,43,45742,1401600,45742,1401600,45742,1401600,45743,1401600,45743,883200,45743,883200,45743,0,45744,0,
45732,0,45833,50,45734,3,45835,45,45837,60,45841,33,45838,104,45844,2257618,45844,33,45846,0,45847,0,45440,0,45847,2,45847,0,45847,266666,45848,43,45848,1401600,45848,1401600,45848,1401600,45849,1401600,45849,883200,45849,883200,45849,0,45850,0,
45833,0,45934,66,45835,3,45935,80,45937,66,45939,66,45937,104,45940,2803326,45940,44,45942,0,45942,0,45549,0,45943,2,45943,0,45943,266666,45944,43,45944,1401600,45944,1401600,45945,1401600,45945,1401600,45945,1612800,45946,1612800,45946,0,45946,0,
45934,0,46035,60,45936,3,46036,36,46038,16,46040,54,46038,104,46041,2252386,46041,33,46043,0,46043,0,45641,0,46044,2,46044,0,46044,266666,46044,43,46045,1401600,46045,1401600,46046,1401600,46046,1401600,46046,883200,46046,883200,46047,0,46047,0,
46035,0,46136,72,46037,3,46138,66,46141,70,46144,66,46142,104,46146,2681114,46146,10,46148,0,46148,0,45740,0,46149,2,46149,0,46149,266666,46149,43,46150,1401600,46150,1401600,46150,1401600,46150,1401600,46150,883200,46150,883200,46151,0,46152,0,
46136,0,46236,77,46138,3,46238,50,46239,60,46241,37,46240,104,46243,2471862,46243,42,46245,10,46246,0,45847,0,46246,2,46246,0,46246,266666,46247,43,46247,1401600,46248,1401600,46248,1401600,46248,1401600,46248,1612800,46249,1612800,46249,0,46249,0,
46236,0,46337,55,46238,3,46339,70,46341,50,46342,40,46341,104,46344,2601273,46344,30,46346,0,46347,0,45942,0,46347,2,46347,0,46347,266666,46348,43,46348,1401600,46348,1401600,46349,1401600,46349,1401600,46349,883200,46349,883200,46350,0,46350,0,
46337,0,46438,42,46339,3,46439,54,46441,50,46443,50,46442,104,46445,2383761,46445,70,46446,9,46447,0,46043,0,46447,2,46447,0,46448,266666,46448,43,46448,1401600,46449,1401600,46449,1401600,46449,1401600,46450,1612800,46450,1612800,46450,0,46450,0,
46438,0,46542,42,46440,3,46544,40,46546,37,46549,25,46547,104,46552,2142560,46551,27,46554,54,46555,0,46148,0,46555,2,46555,0,46556,266666,46557,43,46558,1401600,46560,1401600,46560,1401600,46560,1401600,46560,1612800,46561,1612800,46561,0,46561,0,
46542,0,46643,63,46544,3,46645,50,46647,54,46650,50,46648,104,46652,2857222,46651,18,46654,44,46654,0,46245,0,46655,2,46655,0,46656,266666,46657,43,46658,1401600,46659,1401600,46662,1401600,46663,1401600,46664,883200,46666,883200,46666,0,46666,0,
46644,0,46743,72,46645,3,46745,54,46747,66,46749,66,46748,104,46751,2682699,46751,0,46753,80,46754,0,46346,0,46755,2,46754,0,46755,266666,46756,42,46756,1401600,46757,1401600,46759,1401600,46760,1401600,46761,1612800,46762,1612800,46762,0,46763,0,
46744,0,46845,63,46746,3,46847,60,46849,55,46850,40,46849,104,46852,3073639,46851,22,46854,33,46854,0,46447,0,46855,2,46855,0,46855,266666,46855,42,46856,1401600,46856,1401600,46856,1401600,46856,1401600,46856,1804800,46857,1804800,46857,0,46862,0,
46845,0,46948,37,46847,3,46950,33,46952,50,46954,25,46952,104,46956,2621371,46956,50,46958,27,46959,0,46554,0,46959,2,46959,0,46960,266666,46961,42,46961,1401600,46962,1401600,46962,1401600,46963,1401600,46963,1382400,46963,1382400,46965,0,46966,0,
46949,0,47047,66,46950,3,47048,50,47050,42,47052,33,47050,104,47054,2551996,47053,44,47055,0,47056,0,46654,0,47057,2,47056,0,47057,266666,47058,42,47059,1190400,47059,1190400,47060,1190400,47060,1190400,47061,883200,47062,883200,47062,0,47063,0,
47047,0,47148,50,47048,3,47150,72,47152,33,47154,50,47152,104,47156,1957302,47156,10,47158,0,47158,0,46753,0,47159,2,47159,0,47160,266666,47160,42,47161,1401600,47162,1401600,47163,1401600,47164,1401600,47164,883200,47164,883200,47165,0,47165,0,
47149,0,47249,55,47150,3,47250,44,47252,75,47254,37,47253,104,47256,2254032,47256,0,47258,0,47259,0,46854,0,47259,2,47259,0,47260,266666,47262,42,47262,1401600,47263,1401600,47263,1401600,47264,1401600,47265,883200,47266,883200,47266,0,47266,0,
47249,0,47349,66,47251,3,47352,66,47355,60,47357,44,47355,104,47360,2595218,47360,66,47368,0,47368,0,46958,0,47369,2,47369,0,47373,266666,47373,42,47373,1305600,47373,1305600,47374,1305600,47374,1305600,47374,1804800,47374,1804800,47374,0,47374,0,
47350,0,47450,60,47353,3,47452,71,47454,70,47456,61,47454,104,47458,2572156,47457,20,47460,11,47460,0,47056,0,47461,2,47461,0,47462,266666,47463,42,47464,1401600,47465,1401600,47465,1401600,47465,1401600,47466,883200,47466,883200,47466,0,47466,0,
47450,0,47551,60,47452,3,47552,50,47554,40,47556,54,47555,104,47558,2243546,47558,0,47560,44,47561,0,47158,0,47562,2,47561,0,47562,266666,47563,42,47563,1401600,47566,1401600,47567,1401600,47567,1401600,47568,1382400,47568,1382400,47568,0,47569,0,
47551,0,47653,33,47553,3,47655,54,47656,44,47658,25,47656,104,47662,2181715,47662,0,47672,54,47673,0,47258,0,47673,2,47673,0,47674,266666,47675,42,47675,1401600,47675,1401600,47676,1401600,47676,1401600,47676,1612800,47677,1612800,47677,0,47677,0,
47653,0,47755,55,47655,3,47758,55,47768,54,47770,55,47769,104,47772,3285449,47772,75,47773,9,47773,0,47368,0,47773,2,47773,0,47774,266666,47774,36,47774,1401600,47774,1401600,47774,1401600,47775,1401600,47775,1612800,47775,1612800,47775,0,47775,0,
47755,0,47857,72,47758,3,47859,37,47861,55,47863,40,47861,104,47865,2704357,47865,70,47867,0,47869,0,47460,0,47870,2,47869,0,47870,266666,47870,36,47871,1401600,47871,1401600,47872,1401600,47872,1401600,47872,1382400,47872,1382400,47872,0,47873,0,
47857,0,47954,57,47859,3,47956,40,47958,50,47961,44,47959,104,47963,2377595,47963,60,47965,0,47966,0,47560,0,47967,2,47966,0,47967,266666,47968,36,47968,1382400,47968,1382400,47968,1382400,47968,1382400,47969,883200,47969,883200,47969,0,47969,0,
47954,0,48055,57,47956,3,48057,50,48058,44,48061,50,48059,104,48063,2287683,48063,80,48066,9,48066,0,47672,0,48067,2,48067,0,48067,266666,48068,36,48068,1401600,48068,1401600,48069,1401600,48069,1401600,48069,1612800,48069,1612800,48070,0,48070,0,
48055,0,48156,69,48057,3,48158,66,48159,58,48162,45,48160,104,48164,2756995,48164,50,48166,0,48166,0,47773,0,48168,2,48167,0,48169,266666,48170,36,48170,1401600,48170,1401600,48171,1401600,48171,1401600,48171,883200,48171,883200,48172,0,48172,0,
48156,0,48257,54,48158,3,48259,42,48262,63,48266,70,48262,104,48269,2356903,48269,36,48273,0,48274,0,47868,0,48275,2,48274,0,48275,266666,48276,36,48276,1401600,48276,1401600,48277,1401600,48277,1401600,48277,883200,48278,883200,48278,0,48278,0,
48257,0,48358,62,48259,3,48360,83,48362,72,48367,58,48363,104,48369,2562224,48368,11,48370,0,48371,0,47965,0,48372,2,48372,0,48372,266666,48373,36,48373,1401600,48373,1401600,48374,1401600,48374,1401600,48374,1382400,48374,1382400,48375,0,48375,0,
48358,0,48459,62,48360,3,48461,63,48464,45,48467,44,48464,104,48469,2516316,48468,60,48472,30,48472,0,48066,0,48473,2,48472,0,48473,266666,48474,36,48475,1305600,48476,1305600,48477,1305600,48477,1305600,48477,1612800,48477,1612800,48478,0,48478,0,
48459,0,48559,60,48462,3,48562,44,48565,63,48567,44,48565,104,48569,2507440,48569,36,48572,9,48573,0,48166,0,48573,2,48573,0,48573,266666,48574,36,48574,1382400,48575,1382400,48575,1382400,48575,1382400,48576,883200,48576,883200,48576,0,48576,0,
48560,0,48661,50,48562,3,48673,70,48675,81,48677,54,48676,104,48679,2453150,48679,18,48681,0,48681,0,48274,0,48682,2,48682,0,48683,266666,48683,36,48684,1401600,48684,1401600,48684,1401600,48684,1401600,48684,883200,48685,883200,48685,0,48685,0,
48662,0,48763,72,48673,3,48765,80,48768,55,48770,72,48768,104,48772,2612313,48772,20,48774,44,48774,0,48370,0,48774,2,48774,0,48775,266666,48775,38,48775,1401600,48776,1401600,48776,1401600,48776,1401600,48777,998400,48777,998400,48777,0,48777,0,
48763,0,48864,70,48765,3,48866,54,48868,45,48870,66,48868,104,48872,2479364,48872,0,48873,20,48874,0,48472,0,48875,2,48875,0,48876,266666,48878,38,48879,1401600,48879,1401600,48880,1401600,48880,1401600,48880,883200,48881,883200,48881,0,48881,0,
48864,0,48964,55,48866,3,48966,33,48969,55,48971,50,48969,104,48973,2303225,48973,60,48974,0,48975,0,48572,0,48976,2,48976,0,48976,266666,48976,38,48977,1401600,48977,1401600,48977,1401600,48977,1401600,48978,883200,48978,883200,48978,0,48978,0,
48964,0,49065,62,48966,3,49066,55,49068,40,49070,44,49069,104,49072,2184152,49072,22,49074,0,49074,0,48681,0,49075,2,49075,0,49075,266666,49076,38,49076,1401600,49077,1401600,49077,1401600,49077,1401600,49077,883200,49077,883200,49078,0,49078,0,
49065,0,49169,50,49067,3,49171,55,49173,44,49175,63,49173,104,49177,2212994,49176,9,49178,0,49180,0,48774,0,49181,2,49180,0,49181,266666,49181,38,49182,1401600,49182,1401600,49183,1401600,49183,1401600,49184,883200,49185,883200,49185,0,49185,0,
49169,0,49218,100,49171,3,49220,75,49222,50,49224,60,49222,104,49226,2685017,49226,20,49228,0,49228,0,48874,0,49230,2,49229,0,49230,266666,49231,38,49232,1401600,49232,1401600,49233,1401600,49233,1401600,49233,883200,49234,883200,49234,0,49235,0,
49218,0,49319,50,49220,3,49321,33,49323,40,49325,44,49324,104,49327,2031014,49327,40,49329,0,49330,0,48975,0,49331,2,49330,0,49332,266666,49333,38,49333,1401600,49334,1401600,49335,1401600,49335,1401600,49335,883200,49336,883200,49336,0,49336,0,
49320,0,49419,60,49322,3,49422,66,49423,63,49425,66,49424,104,49428,2446379,49428,0,49432,0,49433,0,49074,0,49435,2,49435,0,49435,266666,49436,38,49437,1401600,49437,1401600,49437,1401600,49438,1401600,49438,1382400,49439,1382400,49439,0,49440,0,
49420,0,49520,75,49422,3,49523,69,49525,66,49528,60,49525,104,49534,2802154,49534,45,49537,0,49538,0,49179,0,49539,2,49539,0,49539,266666,49540,38,49540,1305600,49541,1305600,49541,1305600,49541,1305600,49542,883200,49542,883200,49543,0,49543,0,
49521,0,49620,62,49523,3,49623,60,49625,70,49627,44,49625,104,49630,2261677,49630,30,49632,0,49633,0,49228,0,49634,2,49633,0,49635,266666,49637,38,49637,1382400,49638,1382400,49638,1382400,49639,1382400,49639,883200,49639,883200,49640,0,49640,0,
49621,0,49721,50,49623,3,49723,44,49725,44,49727,55,49725,104,49729,2268379,49729,77,49738,0,49738,0,49329,0,49740,2,49739,0,49741,266666,49742,40,49744,1401600,49744,1401600,49745,1401600,49745,1401600,49746,883200,49746,883200,49746,0,49747,0,
49722,0,49822,70,49723,3,49823,50,49825,37,49826,58,49825,104,49828,2368575,49828,44,49830,30,49832,0,49433,0,49833,2,49833,0,49836,266666,49837,40,49837,1401600,49838,1401600,49838,1401600,49839,1401600,49839,883200,49840,883200,49840,0,49840,0,
49822,0,49921,44,49823,3,49923,66,49925,44,49927,63,49925,104,49928,2444105,49928,36,49930,16,49933,0,49537,0,49934,2,49934,0,49937,266666,49938,40,49941,1401600,49942,1401600,49944,1401600,49944,1401600,49945,1804800,49945,1804800,49946,0,49946,0,
49921,0,50023,55,49923,3,50025,60,50026,58,50029,54,50027,104,50034,2627558,50031,18,50037,41,50038,0,49632,0,50039,2,50039,0,50039,266666,50040,40,50041,1401600,50041,1401600,50042,1401600,50042,1401600,50042,883200,50042,883200,50043,0,50043,0,
50023,0,50123,66,50025,3,50125,50,50127,50,50129,63,50127,104,50132,2444359,50132,0,50134,10,50135,0,49738,0,50137,2,50137,0,50138,266666,50140,40,50141,1305600,50142,1305600,50142,1305600,50143,1305600,50143,883200,50144,883200,50144,0,50144,0,
50123,0,50223,69,50125,3,50225,77,50228,77,50230,60,50228,104,50249,2492771,50246,0,50253,0,50253,0,49831,0,50254,2,50254,0,50254,266666,50254,40,50254,1401600,50254,1401600,50255,1401600,50255,1401600,50255,1382400,50255,1382400,50255,0,50255,0,
50224,0,50324,60,50225,3,50326,70,50328,50,50330,55,50328,104,50332,2580407,50332,37,50334,0,50335,0,49930,0,50336,2,50336,0,50336,266666,50339,40,50340,1401600,50341,1401600,50341,1401600,50342,1401600,50342,1382400,50342,1382400,50343,0,50343,0,
50324,0,50425,66,50326,3,50426,55,50428,54,50441,44,50428,104,50444,2265765,50444,0,50446,33,50446,0,50037,0,50447,2,50447,0,50447,266666,50448,40,50449,1401600,50450,1401600,50450,1401600,50451,1401600,50452,1248000,50452,1248000,50453,0,50453,0,
50425,0,50525,55,50427,3,50527,50,50531,55,50534,54,50532,104,50539,2400180,50538,0,50543,40,50545,0,50134,0,50546,2,50546,0,50547,266666,50547,40,50548,1401600,50548,1401600,50549,1401600,50549,1401600,50549,1382400,50550,1382400,50550,0,50552,0,
50525,0,50626,55,50527,3,50627,63,50629,60,50639,63,50630,104,50645,2793465,50645,27,50647,0,50647,0,50253,0,50648,2,50648,0,50648,266666,50649,40,50651,1401600,50652,1401600,50653,1401600,50653,1401600,50653,883200,50654,883200,50654,0,50654,0,
50626,0,50726,58,50628,3,50728,63,50730,50,50736,72,50730,104,50740,2410518,50739,0,50744,0,50744,0,50334,0,50745,2,50745,0,50745,266666,50746,45,50746,1401600,50747,1401600,50747,1401600,50747,1401600,50748,883200,50748,883200,50748,0,50749,0,
50726,0,50827,72,50728,3,50828,58,50830,55,50850,64,50830,104,50855,2728400,50854,66,50858,25,50859,0,50446,0,50860,2,50859,0,50860,266666,50862,45,50863,1401600,50863,1401600,50864,1401600,50864,1401600,50864,1612800,50864,1612800,50865,0,50866,0,
50827,0,50927,60,50828,3,50929,60,50931,55,50933,42,50932,104,50935,2619366,50935,11,50937,37,50938,0,50544,0,50940,2,50939,0,50941,266666,50943,45,50944,1401600,50945,1401600,50946,1401600,50946,1401600,50947,883200,50947,883200,50948,0,50948,0,
50927,0,51028,62,50929,3,51030,62,51032,50,51035,50,51033,104,51036,2551652,51036,20,51037,20,51038,0,50647,0,51038,2,51038,0,51038,266666,51039,45,51039,1401600,51039,1401600,51040,1401600,51040,1401600,51040,883200,51040,883200,51040,0,51041,0,
51028,0,51128,60,51030,3,51130,50,51139,44,51143,55,51140,104,51145,2354440,51145,0,51147,54,51148,0,50744,0,51148,2,51148,0,51148,266666,51149,45,51150,1401600,51150,1401600,51151,1401600,51152,1401600,51152,883200,51152,883200,51153,0,51153,0,
51129,0,51229,63,51130,3,51231,50,51234,54,51236,45,51234,104,51239,2470621,51238,0,51242,25,51243,0,50859,0,51245,2,51245,0,51246,266666,51247,45,51248,1401600,51248,1401600,51248,1401600,51249,1401600,51249,883200,51250,883200,51250,0,51250,0,
51229,0,51330,66,51232,3,51332,45,51333,80,51334,50,51333,104,51335,2657070,51335,33,51336,0,51337,0,50938,0,51337,2,51337,0,51338,266666,51338,45,51338,1401600,51338,1401600,51339,1401600,51339,1401600,51339,883200,51339,883200,51340,0,51340,0,
51330,0,51431,66,51332,3,51442,63,51444,69,51447,50,51445,104,51449,2531966,51449,0,51453,0,51454,0,51038,0,51454,2,51454,0,51454,266666,51455,45,51455,1401600,51455,1401600,51456,1401600,51456,1401600,51456,883200,51456,883200,51457,0,51457,0,
51431,0,51531,80,51443,3,51534,66,51537,66,51540,55,51538,104,51545,2790806,51545,50,51547,30,51548,0,51147,0,51549,2,51549,0,51549,266666,51550,45,51551,1401600,51552,1401600,51553,1401600,51553,1401600,51553,1804800,51553,1804800,51553,0,51553,0,
51532,0,51640,58,51534,3,51643,58,51645,54,51647,58,51646,104,51650,2789433,51649,11,51652,27,51652,0,51242,0,51653,2,51653,0,51653,266666,51654,45,51654,1401600,51654,1401600,51655,1401600,51655,1401600,51655,883200,51655,883200,51656,0,51656,0,
51640,0,51734,50,51643,3,51736,44,51740,62,51748,45,51741,104,51750,2404276,51749,27,51753,0,51753,0,51337,0,51754,2,51753,0,51754,266666,51754,42,51755,1401600,51755,1401600,51755,1401600,51755,1401600,51755,883200,51756,883200,51756,0,51756,0,
51734,0,51834,50,51737,3,51836,60,51839,55,51843,40,51840,104,51845,2252462,51845,12,51847,0,51847,0,51453,0,51848,2,51848,0,51848,266666,51848,42,51849,1305600,51857,1305600,51858,1305600,51858,1305600,51858,883200,51859,883200,51859,0,51859,0,
51834,0,51935,62,51837,3,51937,60,51939,72,51943,60,51940,104,51944,2344780,51944,0,51946,0,51947,0,51547,0,51948,2,51947,0,51948,266666,51949,42,51949,1401600,51949,1401600,51950,1401600,51950,1401600,51951,883200,51951,883200,51952,0,51952,0,
51936,0,52035,66,51937,3,52037,60,52040,63,52045,60,52043,104,52048,2641892,52048,55,52050,0,52051,0,51652,0,52052,2,52052,0,52052,266666,52053,42,52054,1382400,52054,1382400,52054,1382400,52055,1382400,52055,883200,52055,883200,52055,0,52056,0,
52035,0,52136,70,52037,3,52137,72,52139,72,52142,77,52140,104,52144,2826870,52144,45,52146,11,52147,0,51753,0,52147,2,52147,0,52148,266666,52148,42,52149,1401600,52149,1401600,52150,1401600,52150,1401600,52151,883200,52151,883200,52152,0,52152,0,
52136,0,52241,63,52138,3,52245,81,52247,58,52249,50,52247,104,52251,2533051,52251,0,52255,0,52256,0,51847,0,52258,2,52257,0,52258,266666,52259,42,52260,1401600,52260,1401600,52260,1401600,52261,1401600,52261,883200,52261,883200,52262,0,52262,0,
52241,0,52340,71,52245,3,52342,50,52344,60,52346,80,52344,104,52348,2613297,52348,20,52349,0,52350,0,51946,0,52351,2,52351,0,52352,266666,52353,42,52353,1401600,52354,1401600,52354,1401600,52355,1401600,52355,1382400,52356,1382400,52357,0,52357,0,
52340,0,52442,66,52342,3,52444,66,52446,66,52448,70,52446,104,52450,2892602,52450,50,52452,0,52452,0,52051,0,52453,2,52453,0,52454,266666,52455,42,52456,1401600,52456,1401600,52457,1401600,52457,1401600,52458,1612800,52458,1612800,52459,0,52459,0,
52442,0,52542,63,52444,3,52544,37,52546,55,52548,50,52547,104,52550,2408380,52550,25,52552,0,52553,0,52146,0,52553,2,52553,0,52554,266666,52555,42,52555,1401600,52556,1401600,52557,1401600,52558,1401600,52558,883200,52559,883200,52559,0,52560,0,
52543,0,52641,66,52544,3,52643,60,52653,63,52659,45,52654,104,52661,2496609,52661,36,52663,18,52664,0,52256,0,52664,2,52664,0,52665,266666,52666,42,52666,1401600,52667,1401600,52667,1401600,52668,1401600,52668,883200,52669,883200,52669,0,52670,0,
52641,0,52742,66,52643,3,52744,54,52745,50,52746,55,52745,104,52747,2534643,52747,50,52748,0,52749,0,52350,0,52749,2,52749,0,52749,266666,52750,43,52750,1401600,52750,1401600,52750,1401600,52751,1401600,52751,883200,52751,883200,52751,0,52752,0,
52742,0,52845,69,52744,3,52847,45,52849,50,52852,50,52850,104,52862,2434628,52862,50,52866,25,52867,0,52452,0,52868,2,52867,0,52868,266666,52869,43,52869,1305600,52870,1305600,52870,1305600,52871,1305600,52872,1382400,52874,1382400,52874,0,52875,0,
52845,0,52946,62,52847,3,52947,70,52949,60,52953,63,52949,104,52961,2840058,52960,55,52965,0,52966,0,52484,0,52967,2,52967,0,52969,266666,52985,43,52986,1401600,52986,1401600,52987,1401600,52987,1401600,52988,883200,52988,883200,52988,0,52989,0,
52946,0,53045,55,52947,3,53047,55,53049,70,53051,42,53049,104,53054,2370368,53054,11,53055,0,53056,0,52552,0,53058,2,53057,0,53059,266666,53060,43,53061,1401600,53061,1401600,53062,1401600,53063,1401600,53063,883200,53064,883200,53064,0,53064,0,
53045,0,53148,66,53047,3,53149,66,53151,60,53153,63,53152,104,53155,2710763,53155,60,53157,10,53158,0,52663,0,53159,2,53158,0,53159,266666,53160,43,53161,1401600,53162,1401600,53162,1401600,53162,1401600,53163,1382400,53163,1382400,53164,0,53164,0,
53148,0,53248,50,53150,3,53250,33,53252,54,53255,30,53253,104,53257,2065866,53256,0,53262,40,53263,0,52749,0,53263,2,53263,0,53264,266666,53264,43,53265,1401600,53265,1401600,53266,1401600,53266,1401600,53267,1382400,53267,1382400,53267,0,53268,0,
53249,0,53349,62,53251,3,53351,54,53352,60,53354,44,53353,104,53357,2562398,53356,0,53359,72,53360,0,52866,0,53361,2,53361,0,53362,266666,53363,43,53363,1401600,53363,1401600,53364,1401600,53364,1401600,53364,883200,53364,883200,53365,0,53365,0,
53349,0,53450,50,53351,3,53452,54,53455,63,53457,54,53455,104,53463,2540315,53463,0,53465,27,53466,0,52966,0,53466,2,53466,0,53467,266666,53467,43,53468,1401600,53468,1401600,53469,1401600,53470,1401600,53472,883200,53473,1382400,53473,0,53473,0,
53450,0,53551,75,53452,3,53553,63,53554,72,53558,55,53555,104,53563,2884101,53562,44,53564,40,53565,0,53056,0,53565,2,53565,0,53566,266666,53566,43,53567,1401600,53567,1401600,53568,1401600,53568,1401600,53569,883200,53569,883200,53570,0,53570,0,
53551,0,53651,55,53553,3,53653,44,53654,50,53655,60,53654,104,53658,2470823,53658,33,53660,0,53661,0,53157,0,53662,2,53662,0,53662,266666,53663,43,53663,1401600,53664,1401600,53664,1401600,53665,1401600,53665,883200,53665,883200,53665,0,53666,0,
53651,0,53753,60,53653,3,53755,72,53757,54,53761,54,53758,104,53763,2562595,53762,40,53765,16,53765,0,53263,0,53766,2,53766,0,53766,266666,53767,38,53767,1401600,53767,1401600,53767,1401600,53768,1401600,53768,1612800,53768,1612800,53769,0,53770,0,
53753,0,53853,50,53755,3,53855,55,53857,50,53861,50,53858,104,53864,2518261,53863,33,53865,0,53866,0,53360,0,53866,2,53866,0,53867,266666,53867,38,53868,1401600,53868,1401600,53868,1401600,53868,1401600,53868,883200,53869,883200,53869,0,53870,0,
53853,0,53954,55,53855,3,53956,55,53959,50,53962,60,53960,104,53966,2408374,53965,60,53967,11,53968,0,53465,0,53968,2,53968,0,53968,266666,53969,38,53970,1401600,53970,1401600,53971,1401600,53972,1401600,53972,1804800,53973,1804800,53973,0,53973,0,
53955,0,54055,60,53957,3,54056,44,54059,50,54062,66,54060,104,54064,2336721,54064,0,54066,30,54067,0,53565,0,54067,2,54067,0,54067,266666,54068,38,54068,1401600,54068,1401600,54069,1401600,54069,1401600,54070,883200,54070,883200,54070,0,54071,0,
54055,0,54156,50,54057,3,54158,66,54161,58,54164,63,54162,104,54167,2453209,54166,10,54169,0,54169,0,53661,0,54170,2,54170,0,54171,266666,54172,38,54172,1401600,54173,1401600,54174,1401600,54175,1401600,54176,883200,54176,883200,54176,0,54177,0,
54156,0,54256,66,54158,3,54258,44,54261,70,54264,70,54262,104,54266,2447956,54266,11,54267,0,54268,0,53765,0,54268,2,54268,0,54269,266666,54269,38,54270,1401600,54271,1401600,54271,1401600,54272,1401600,54272,883200,54273,883200,54273,0,54274,0,
54256,0,54356,55,54258,3,54357,66,54357,55,54358,44,54358,104,54359,2362216,54359,44,54360,10,54361,0,53866,0,54361,2,54361,0,54361,266666,54361,38,54361,1305600,54362,1305600,54362,1305600,54362,1305600,54362,1382400,54362,1382400,54363,0,54363,0,
54356,0,54457,72,54357,3,54459,50,54461,50,54463,55,54461,104,54465,2244735,54465,10,54466,50,54467,0,53967,0,54467,2,54467,0,54468,266666,54469,38,54469,1401600,54470,1401600,54470,1401600,54470,1401600,54471,883200,54472,883200,54472,0,54473,0,
54457,0,54558,66,54459,3,54560,54,54561,37,54564,55,54562,104,54566,2360123,54565,10,54567,9,54568,0,54066,0,54568,2,54568,0,54568,266666,54570,38,54570,1401600,54571,1401600,54571,1401600,54572,1401600,54572,1382400,54573,1382400,54575,0,54576,0,
54558,0,54665,72,54560,3,54667,50,54668,60,54670,55,54669,104,54676,2449832,54675,10,54682,81,54683,0,54169,0,54683,2,54683,0,54683,266666,54684,38,54684,1401600,54685,1401600,54686,1401600,54686,1401600,54687,1612800,54687,1612800,54687,0,54687,0,
54665,0,54764,60,54667,3,54766,54,54768,54,54770,50,54769,104,54777,3175899,54777,44,54778,0,54779,0,54268,0,54780,2,54780,0,54780,266666,54781,40,54782,1401600,54783,1401600,54783,1401600,54784,1401600,54784,883200,54785,883200,54785,0,54785,0,
54765,0,54865,69,54767,3,54866,72,54868,33,54871,61,54869,104,54886,2448814,54886,30,54888,18,54889,0,54360,0,54890,2,54889,0,54890,266666,54891,40,54892,806400,54893,1305600,54893,1305600,54894,1305600,54894,1382400,54894,1382400,54895,0,54895,0,
54865,0,54966,50,54867,3,54968,54,54970,55,54973,60,54971,104,54980,2083648,54980,0,54982,33,54983,0,54467,0,54984,2,54984,0,54985,266666,54986,40,54987,1305600,54987,1305600,54987,1305600,54988,1305600,54988,883200,54989,883200,54989,0,54989,0,
54966,0,55067,63,54968,3,55068,55,55072,44,55084,44,55072,104,55088,2290064,55087,50,55090,10,55091,0,54567,0,55092,2,55091,0,55092,266666,55093,40,55094,1401600,55094,1401600,55094,1401600,55094,1401600,55095,883200,55095,883200,55096,0,55097,0,
55067,0,55168,70,55068,3,55170,66,55173,63,55176,55,55173,104,55179,2537446,55178,11,55182,62,55184,0,54682,0,55185,2,55185,0,55185,266666,55186,40,55187,1401600,55187,1401600,55187,1401600,55187,1401600,55187,883200,55188,883200,55188,0,55188,0,
55168,0,55268,63,55171,3,55270,54,55273,45,55276,40,55273,104,55279,2497879,55278,54,55282,0,55284,0,54779,0,55287,2,55287,0,55287,266666,55288,40,55289,1190400,55289,1190400,55290,1190400,55290,1190400,55291,883200,55291,883200,55291,0,55292,0,
55268,0,55369,80,55270,3,55370,75,55371,62,55372,77,55372,104,55374,2329054,55374,9,55380,0,55380,0,54888,0,55382,2,55382,0,55382,266666,55384,40,55384,1017600,55385,1017600,55385,1017600,55386,1017600,55386,1382400,55386,1382400,55387,0,55387,0,
55369,0,55469,63,55370,3,55472,50,55477,66,55480,54,55477,104,55484,1912800,55484,22,55486,45,55486,0,54983,0,55487,2,55487,0,55488,266666,55489,40,55489,1382400,55489,1382400,55490,1382400,55490,1382400,55490,1612800,55490,1612800,55491,0,55491,0,
55470,0,55570,66,55473,3,55574,57,55579,54,55583,44,55580,104,55586,3048089,55585,60,55595,16,55595,0,55090,0,55596,2,55595,0,55596,266666,55597,40,55597,1401600,55597,1401600,55598,1401600,55598,1401600,55598,1747200,55598,1747200,55599,0,55599,0,
55570,0,55672,55,55574,3,55674,60,55676,50,55683,37,55678,104,55686,2390114,55685,10,55687,40,55688,0,55182,0,55688,2,55688,0,55689,266666,55690,40,55690,1401600,55690,1401600,55691,1401600,55691,1401600,55691,883200,55692,883200,55692,0,55692,0,
55672,0,55772,60,55674,3,55793,54,55794,50,55795,54,55794,104,55797,2427057,55797,18,55799,60,55799,0,55283,0,55800,2,55799,0,55800,266666,55800,40,55800,1401600,55801,1401600,55801,1401600,55801,1401600,55801,998400,55802,998400,55802,0,55802,0,
55772,0,55887,60,55793,3,55892,37,55893,54,55895,54,55893,104,55896,2429202,55896,11,55897,10,55897,0,55380,0,55898,2,55898,0,55898,266666,55899,40,55899,1401600,55899,1401600,55899,1401600,55900,1401600,55900,883200,55900,883200,55900,0,55901,0,
55888,0,55989,66,55892,3,55992,50,55994,60,55997,60,55995,104,55999,2454845,55999,20,56001,0,56002,0,55486,0,56003,2,56002,0,56003,266666,56003,40,56004,1382400,56004,1382400,56004,1382400,56005,1382400,56005,883200,56006,883200,56006,0,56007,0,
55989,0,56084,60,55993,3,56087,50,56089,55,56091,50,56089,104,56094,2275931,56094,22,56096,77,56096,0,55595,0,56097,2,56097,0,56098,266666,56098,40,56099,1305600,56100,1305600,56100,1305600,56101,1305600,56101,883200,56102,883200,56102,0,56102,0,
56085,0,56188,70,56087,3,56190,75,56192,58,56197,66,56193,104,56202,2668610,56199,20,56205,18,56206,0,55687,0,56214,2,56214,0,56214,266666,56215,40,56215,1401600,56215,1401600,56215,1401600,56216,1401600,56216,1382400,56216,1382400,56216,0,56216,0,
56188,0,56284,70,56190,3,56286,55,56289,50,56291,55,56289,104,56295,2556146,56294,20,56296,90,56297,0,55799,0,56299,2,56299,0,56300,266666,56302,40,56303,1305600,56303,1305600,56304,1305600,56305,1305600,56306,1804800,56306,1804800,56307,0,56307,0,
56284,0,56385,42,56286,3,56387,55,56389,55,56392,50,56390,104,56394,2859111,56394,0,56396,50,56396,0,55897,0,56397,2,56397,0,56398,266666,56398,40,56399,1305600,56400,1305600,56400,1305600,56401,1305600,56402,883200,56402,883200,56403,0,56404,0,
56385,0,56485,55,56387,3,56487,37,56489,60,56491,54,56489,104,56494,2194863,56493,0,56496,36,56496,0,56002,0,56497,2,56497,0,56497,266666,56498,40,56499,1382400,56500,1382400,56500,1382400,56501,1382400,56502,883200,56502,883200,56503,0,56503,0,
56485,0,56586,62,56487,3,56587,66,56589,63,56591,55,56590,104,56593,2527933,56593,10,56596,9,56596,0,56096,0,56597,2,56597,0,56598,266666,56601,40,56602,1305600,56603,1305600,56603,1305600,56603,1305600,56604,883200,56604,883200,56605,0,56605,0,
56586,0,56686,55,56588,3,56688,37,56690,75,56692,58,56690,104,56693,2230494,56693,18,56695,0,56696,0,56205,0,56697,2,56696,0,56697,266666,56698,40,56699,1401600,56699,1401600,56700,1401600,56700,1401600,56701,883200,56701,883200,56702,0,56702,0,
56686,0,56787,63,56688,3,56789,75,56791,50,56793,25,56792,104,56796,2287275,56796,20,56798,0,56800,0,56297,0,56812,2,56812,0,56813,266666,56815,37,56816,1382400,56816,1382400,56816,1401600,56816,1401600,56816,1804800,56816,1804800,56816,0,56816,0,
56788,0,56890,69,56789,3,56892,72,56895,76,56900,50,56897,104,56904,2850235,56904,40,56906,10,56907,0,56396,0,56908,2,56907,0,56908,266666,56909,37,56912,1305600,56913,1305600,56913,1305600,56914,1401600,56915,883200,56915,883200,56916,0,56916,0,
56890,0,56989,55,56893,3,56991,40,56993,60,56995,28,56994,104,57005,1919825,57003,0,57007,20,57010,0,56496,0,57014,2,57014,0,57014,266666,57014,37,57014,1401600,57014,1401600,57015,1401600,57015,1401600,57015,1382400,57015,1382400,57015,0,57015,0,
56989,0,57089,57,56992,3,57091,55,57093,60,57095,60,57093,104,57097,2407312,57096,0,57099,70,57100,0,56596,0,57101,2,57100,0,57102,266666,57103,37,57104,1305600,57105,1305600,57105,1305600,57105,1305600,57105,883200,57106,883200,57106,0,57106,0,
57089,0,57190,44,57091,3,57192,50,57194,50,57197,37,57195,104,57200,2141489,57199,27,57201,50,57203,0,56695,0,57203,2,57203,0,57203,266666,57206,37,57207,1401600,57208,1401600,57210,1401600,57213,1401600,57213,1612800,57213,1612800,57214,0,57214,0,
57190,0,57295,72,57192,3,57301,60,57303,70,57306,76,57304,104,57308,3085100,57308,18,57310,83,57311,0,56799,0,57313,2,57312,0,57313,266666,57314,37,57314,1382400,57315,1382400,57315,1382400,57315,1382400,57315,1804800,57315,1804800,57315,0,57316,0,
57295,0,57394,60,57301,3,57397,60,57400,60,57403,50,57400,104,57406,3841497,57406,90,57408,0,57409,0,56906,0,57419,2,57419,0,57419,266666,57420,37,57421,1401600,57421,1401600,57421,1401600,57421,1401600,57421,1804800,57421,1804800,57422,0,57422,0,
57394,0,57493,75,57398,3,57495,63,57497,64,57499,70,57498,104,57512,2899526,57512,40,57514,72,57514,0,57008,0,57514,2,57514,0,57515,266666,57515,37,57516,1401600,57516,1401600,57516,1401600,57516,1401600,57516,1612800,57516,1612800,57516,0,57517,0,
57493,0,57593,76,57495,3,57595,76,57597,50,57599,55,57598,104,57603,2988928,57603,0,57606,100,57610,0,57099,0,57611,2,57611,0,57611,266666,57612,37,57612,1401600,57612,1401600,57612,1401600,57612,1401600,57612,1804800,57612,1804800,57612,0,57613,0,
57593,0,57693,60,57595,3,57696,60,57697,55,57699,70,57698,104,57703,3382206,57703,10,57706,81,57710,0,57202,0,57710,2,57710,0,57711,266666,57712,37,57713,1401600,57713,1401600,57714,1401600,57714,1401600,57715,1804800,57715,1804800,57715,0,57715,0,
57694,0,57794,72,57696,3,57796,70,57798,60,57800,50,57798,104,57802,3433647,57802,30,57805,70,57806,0,57310,0,57807,2,57807,0,57807,266666,57808,34,57808,1305600,57809,1305600,57809,1305600,57810,1305600,57810,1612800,57811,1612800,57811,0,57812,0,
57794,0,57895,60,57796,3,57897,50,57899,44,57901,33,57899,104,57905,2372588,57904,0,57907,33,57907,0,57409,0,57908,2,57908,0,57908,266666,57909,34,57910,1305600,57910,1305600,57911,1305600,57911,1305600,57912,883200,57912,883200,57913,0,57913,0,
57895,0,57996,55,57897,3,57997,62,58000,60,58003,33,58000,104,58006,2057742,58006,0,58008,27,58009,0,57514,0,58010,2,58010,0,58011,266666,58012,34,58012,1305600,58013,1305600,58013,1305600,58014,1305600,58014,883200,58016,883200,58017,0,58017,0,
57996,0,58097,63,57998,3,58099,60,58101,72,58103,58,58101,104,58105,2415483,58104,50,58109,0,58110,0,57607,0,58110,2,58110,0,58111,266666,58113,34,58114,1305600,58114,1305600,58114,1305600,58115,1305600,58115,1382400,58116,1382400,58116,0,58116,0,
58097,0,58200,72,58099,3,58202,71,58204,66,58206,72,58204,104,58208,2756335,58208,70,58216,33,58217,0,57709,0,58217,2,58217,0,58218,266666,58219,34,58219,1305600,58219,1305600,58219,1305600,58220,1305600,58220,1804800,58221,1804800,58221,0,58222,0,
58200,0,58301,70,58202,3,58303,70,58305,63,58307,54,58305,104,58309,2611355,58309,10,58311,77,58312,0,57805,0,58313,2,58313,0,58313,266666,58314,34,58314,1401600,58315,1401600,58315,1401600,58316,1401600,58316,1804800,58317,1804800,58317,0,58317,0,
58301,0,58402,60,58303,3,58403,44,58405,60,58407,60,58406,104,58410,2988671,58409,10,58413,45,58414,0,57907,0,58418,2,58416,0,58418,266666,58419,34,58419,1305600,58420,1305600,58420,1305600,58421,1305600,58422,883200,58423,883200,58424,0,58425,0,
58402,0,58502,50,58404,3,58504,37,58506,45,58508,50,58506,104,58510,1970917,58510,10,58512,0,58514,0,58009,0,58515,2,58515,0,58515,266666,58516,34,58517,1401600,58518,1401600,58519,1401600,58519,1401600,58520,883200,58524,883200,58525,0,58525,0,
58502,0,58603,66,58504,3,58606,58,58608,50,58610,44,58608,104,58614,2372322,58613,77,58616,0,58617,0,58109,0,58618,2,58617,0,58618,266666,58620,34,58622,1017600,58623,1017600,58625,1017600,58626,1017600,58627,1612800,58627,1612800,58628,0,58628,0,
58604,0,58704,70,58606,3,58706,63,58708,80,58710,63,58708,104,58714,2415088,58713,77,58716,45,58717,0,58216,0,58718,2,58718,0,58719,266666,58719,34,58720,1305600,58720,1305600,58721,1305600,58721,1305600,58722,1382400,58722,1382400,58724,0,58725,0,
58704,0,58805,60,58706,3,58807,60,58809,50,58814,61,58810,104,58818,2635348,58817,50,58820,27,58825,0,58312,0,58826,2,58825,0,58826,266666,58827,31,58828,1305600,58828,1305600,58829,1305600,58829,1305600,58830,1382400,58830,1382400,58830,0,58831,0,
58805,0,58905,69,58808,3,58906,66,58907,58,58908,55,58907,104,58909,2724883,58909,77,58909,0,58910,0,58413,0,58910,2,58910,0,58910,266666,58911,31,58911,1305600,58911,1305600,58912,1305600,58912,1305600,58912,1612800,58912,1612800,58912,0,58912,0,
58905,0,59007,50,58906,3,59009,50,59011,33,59014,40,59012,104,59018,2052130,59018,45,59025,8,59026,0,58514,0,59027,2,59026,0,59027,266666,59028,31,59028,1305600,59029,1305600,59029,1305600,59029,1305600,59030,883200,59030,883200,59030,0,59031,0,
59007,0,59107,55,59009,3,59109,55,59112,70,59119,33,59113,104,59123,1998876,59123,18,59126,0,59126,0,58616,0,59127,2,59127,0,59127,266666,59129,31,59129,1401600,59130,1401600,59130,1401600,59131,1401600,59131,883200,59131,883200,59132,0,59133,0,
59107,0,59208,63,59109,3,59210,54,59212,50,59228,80,59212,104,59233,2374177,59233,36,59235,9,59236,0,58717,0,59236,2,59236,0,59237,266666,59238,31,59238,1305600,59239,1305600,59239,1305600,59239,1305600,59240,1382400,59240,1382400,59240,0,59241,0,
59208,0,59310,70,59210,3,59312,60,59327,66,59333,60,59327,104,59335,2443562,59335,40,59341,70,59341,0,58821,0,59342,2,59342,0,59342,266666,59369,31,59369,1401600,59369,1401600,59370,1401600,59370,1401600,59370,1804800,59371,1804800,59371,0,59371,0,
59310,0,59410,72,59313,3,59412,50,59414,55,59415,62,59414,104,59416,3208803,59416,37,59417,55,59417,0,58910,0,59418,2,59417,0,59418,266666,59420,31,59423,1401600,59424,1401600,59424,1401600,59425,1401600,59426,883200,59426,883200,59427,0,59427,0,
59411,0,59511,63,59412,3,59514,50,59516,50,59519,37,59516,104,59522,2197443,59522,18,59524,80,59525,0,59026,0,59526,2,59526,0,59527,266666,59528,31,59528,1401600,59529,1401600,59529,1017600,59529,1017600,59530,883200,59530,883200,59530,0,59532,0,
59511,0,59614,75,59514,3,59616,66,59619,63,59621,54,59619,104,59624,2545209,59623,91,59626,18,59627,0,59126,0,59628,2,59628,0,59629,266666,59630,31,59631,1401600,59632,1401600,59632,1401600,59632,1401600,59632,1248000,59632,1248000,59633,0,59633,0,
59614,0,59722,60,59616,3,59723,60,59725,54,59728,58,59726,104,59729,2314499,59729,9,59731,77,59733,0,59236,0,59733,2,59733,0,59734,266666,59734,31,59735,1305600,59735,1305600,59736,1305600,59736,1305600,59737,1612800,59737,1612800,59737,0,59738,0,
59722,0,59766,60,59724,3,59768,66,59771,40,59773,50,59771,104,59775,2984110,59775,60,59777,71,59777,0,59341,0,59778,2,59777,0,59778,266666,59779,31,59780,1305600,59780,1305600,59781,1305600,59781,1305600,59782,1804800,59782,1804800,59783,0,59783,0,
59766,0,59867,70,59768,3,59868,66,59870,63,59872,54,59871,104,59874,3254410,59874,50,59876,63,59876,0,59417,0,59876,2,59876,0,59877,266666,59877,43,59877,1401600,59878,1401600,59878,1401600,59878,1401600,59878,1804800,59878,1804800,59879,0,59879,0,
59867,0,59967,40,59869,3,59969,70,59971,37,59973,41,59972,104,59975,3083414,59975,40,59977,33,59977,0,59524,0,59977,2,59977,0,59978,266666,59978,43,59979,1401600,59979,1401600,59979,1401600,59980,1401600,59981,1382400,59981,1382400,59982,0,59983,0,
59968,0,60068,66,59970,3,60070,63,60072,54,60075,45,60073,104,60078,2805206,60077,40,60080,41,60081,0,59627,0,60083,2,60083,0,60088,266666,60089,43,60090,1017600,60091,1017600,60091,1017600,60092,1305600,60092,1612800,60093,1612800,60093,0,60093,0,
60069,0,60169,66,60070,3,60171,80,60173,75,60175,81,60173,104,60176,2694384,60176,20,60178,54,60179,0,59732,0,60179,2,60179,0,60180,266666,60184,43,60185,1401600,60186,1401600,60187,1401600,60187,1401600,60188,1804800,60188,1804800,60188,0,60189,0,
60169,0,60270,66,60171,3,60272,66,60274,54,60276,50,60275,104,60278,3566578,60277,70,60279,0,60281,0,59777,0,60282,2,60281,0,60282,266666,60283,43,60284,1401600,60284,1401600,60285,1401600,60289,1401600,60289,1804800,60290,1804800,60290,0,60290,0,
60270,0,60371,63,60273,3,60373,60,60375,55,60376,70,60375,104,60378,3048758,60378,60,60380,20,60381,0,59876,0,60382,2,60382,0,60382,266666,60384,43,60384,1401600,60385,1401600,60385,1401600,60386,1401600,60386,1113600,60386,1113600,60387,0,60387,0,
60371,0,60471,42,60373,3,60473,40,60475,55,60477,44,60475,104,60479,2423397,60479,60,60482,36,60483,0,59977,0,60484,2,60483,0,60484,266666,60485,43,60487,1401600,60488,1401600,60488,1401600,60488,1401600,60489,883200,60489,883200,60490,0,60490,0,
60471,0,60571,50,60474,3,60572,42,60573,50,60574,33,60573,104,60575,2447505,60574,100,60577,10,60579,0,60080,0,60579,2,60579,0,60580,266666,60581,43,60582,1401600,60582,1401600,60583,1401600,60586,1401600,60586,1804800,60587,1804800,60587,0,60587,0,
60571,0,60672,63,60572,3,60673,55,60674,50,60675,66,60674,104,60676,3333192,60676,90,60677,0,60677,0,60178,0,60677,2,60677,0,60677,266666,60678,43,60678,1401600,60678,1401600,60678,1401600,60678,1401600,60679,1804800,60679,1804800,60679,0,60679,0,
60673,0,60774,50,60673,3,60775,37,60777,37,60778,30,60777,104,60779,2343483,60779,45,60780,0,60781,0,60280,0,60781,2,60781,0,60782,266666,60782,43,60782,1401600,60783,1401600,60783,1401600,60783,1401600,60783,883200,60783,883200,60784,0,60784,0,
60774,0,60875,66,60776,3,60878,63,60879,66,60882,60,60880,104,60885,2589598,60885,18,60888,9,60889,0,60380,0,60889,2,60889,0,60890,266666,60890,36,60891,1401600,60891,1401600,60892,1401600,60892,1401600,60892,940800,60893,940800,60893,0,60893,0,
60876,0,60976,69,60878,3,60979,60,60981,66,60986,50,60982,104,60988,2435447,60988,18,60990,0,60990,0,60482,0,60991,2,60991,0,60992,266666,60992,36,60993,1401600,60993,1401600,60993,1401600,60994,1401600,60994,1382400,60994,1382400,60994,0,60995,0,
60977,0,61077,60,60979,3,61080,55,61084,63,61089,55,61085,104,61091,2666286,61091,66,61093,27,61093,0,60578,0,61094,2,61094,0,61094,266666,61095,36,61095,1305600,61096,1305600,61096,1305600,61096,1305600,61096,1804800,61096,1804800,61097,0,61097,0,
61077,0,61179,42,61080,3,61181,60,61184,50,61189,50,61185,104,61193,2435650,61193,25,61195,20,61195,0,60677,0,61196,2,61196,0,61197,266666,61197,36,61198,1305600,61198,1305600,61198,1305600,61199,1305600,61199,1382400,61199,1382400,61200,0,61200,0,
61179,0,61280,66,61181,3,61282,75,61285,44,61288,70,61285,104,61291,2889121,61291,90,61294,0,61294,0,60780,0,61295,2,61295,0,61296,266666,61297,36,61298,1401600,61298,1401600,61298,1401600,61298,1401600,61299,1804800,61299,1804800,61299,0,61300,0,
61280,0,61382,60,61283,3,61385,60,61387,42,61390,50,61387,104,61394,2897480,61393,81,61396,0,61396,0,60888,0,61397,2,61397,0,61397,266666,61397,36,61398,1401600,61398,1401600,61398,1401600,61399,1401600,61399,1804800,61399,1804800,61399,0,61399,0,
61383,0,61484,70,61385,3,61487,66,61489,66,61492,58,61490,104,61493,2440019,61493,0,61495,77,61498,0,60990,0,61498,2,61498,0,61498,266666,61499,36,61499,1401600,61500,1401600,61500,1401600,61500,1401600,61501,1747200,61502,1747200,61502,0,61502,0,
61484,0,61583,63,61487,3,61585,69,61588,66,61592,66,61590,104,61594,3450207,61594,36,61596,54,61596,0,61093,0,61597,2,61597,0,61597,266666,61598,36,61598,1401600,61598,1401600,61599,1401600,61599,1401600,61599,1382400,61599,1382400,61600,0,61600,0,
61583,0,61683,50,61585,3,61688,72,61691,55,61694,54,61692,104,61696,3037441,61695,77,61697,0,61698,0,61195,0,61698,2,61698,0,61699,266666,61699,36,61699,1305600,61700,1305600,61700,1305600,61700,1305600,61700,1612800,61701,1612800,61701,0,61701,0,
61684,0,61784,70,61688,3,61786,60,61788,50,61790,42,61789,104,61794,2650319,61793,77,61795,0,61796,0,61294,0,61796,2,61796,0,61796,266666,61797,36,61797,1401600,61798,1401600,61798,1401600,61798,1401600,61799,1612800,61799,1612800,61800,0,61800,0,
61784,0,61885,60,61786,3,61887,44,61891,37,61897,40,61891,104,61903,2443693,61903,63,61904,0,61905,0,61396,0,61905,2,61905,0,61906,266666,61906,37,61906,1401600,61907,1401600,61907,1401600,61907,1401600,61907,1382400,61908,1382400,61908,0,61908,0,
61885,0,61986,70,61887,3,61988,54,61993,64,61995,50,61993,104,61997,2844405,61996,88,61998,11,61999,0,61495,0,62000,2,61999,0,62000,266666,62001,37,62001,1401600,62002,1401600,62002,1401600,62003,1401600,62003,1804800,62003,1804800,62004,0,62004,0,
61986,0,62086,50,61990,3,62089,50,62091,44,62093,66,62092,104,62095,2341145,62095,9,62097,0,62097,0,61596,0,62098,2,62098,0,62098,266666,62099,37,62099,1401600,62099,1401600,62099,1401600,62100,1401600,62100,883200,62100,883200,62101,0,62101,0,
62086,0,62187,63,62089,3,62189,63,62195,55,62198,53,62196,104,62202,2347620,62201,16,62204,9,62204,0,61697,0,62206,2,62205,0,62206,266666,62207,37,62208,1401600,62208,1401600,62209,1401600,62209,1401600,62209,883200,62210,883200,62210,0,62211,0,
62187,0,62287,66,62189,3,62288,75,62289,54,62290,55,62289,104,62291,2519129,62291,33,62292,33,62293,0,61795,0,62293,2,62293,0,62293,266666,62293,37,62294,1401600,62294,1401600,62294,1401600,62294,1401600,62294,1612800,62294,1612800,62295,0,62295,0,
62287,0,62390,62,62288,3,62395,54,62398,54,62400,54,62398,104,62404,2683192,62403,25,62405,55,62406,0,61905,0,62407,2,62406,0,62407,266666,62408,37,62408,1401600,62409,1401600,62409,1401600,62409,1401600,62410,1804800,62410,1804800,62410,0,62410,0,
62391,0,62502,63,62395,3,62505,54,62508,58,62510,50,62508,104,62512,2938815,62512,20,62514,81,62515,0,61998,0,62516,2,62516,0,62517,266666,62519,37,62520,1401600,62521,1401600,62522,1401600,62522,1401600,62523,1747200,62523,1747200,62524,0,62524,0,
62503,0,62590,57,62506,3,62592,62,62594,62,62596,55,62594,104,62597,3343218,62597,37,62599,25,62599,0,62097,0,62600,2,62600,0,62600,266666,62601,37,62601,1401600,62601,1401600,62602,1401600,62602,1401600,62602,1804800,62602,1804800,62603,0,62603,0,
62590,0,62691,66,62593,3,62693,40,62696,40,62698,60,62696,104,62701,2732001,62700,40,62702,27,62703,0,62204,0,62703,2,62703,0,62704,266666,62704,37,62705,1401600,62705,1401600,62705,1401600,62706,1401600,62706,1804800,62706,1804800,62707,0,62707,0,
62692,0,62792,60,62694,3,62793,44,62795,55,62797,40,62795,104,62799,2947992,62798,66,62801,27,62801,0,62292,0,62802,2,62802,0,62802,266666,62802,37,62803,1401600,62803,1401600,62803,1401600,62804,1401600,62804,1804800,62804,1804800,62804,0,62804,0,
62792,0,62893,66,62793,3,62895,53,62897,50,62901,45,62898,104,62904,2512820,62903,9,62905,50,62906,0,62405,0,62908,2,62908,0,62908,266666,62909,31,62909,1401600,62912,1401600,62913,1401600,62913,1401600,62913,1804800,62914,1804800,62914,0,62915,0,
62893,0,62994,60,62895,3,62995,37,62997,44,62999,45,62997,104,63001,2529490,63000,18,63003,62,63003,0,62515,0,63004,2,63004,0,63004,266666,63005,31,63005,1401600,63005,1401600,63006,1401600,63006,1401600,63006,1804800,63007,1804800,63007,0,63008,0,
62994,0,63094,72,62996,3,63096,54,63097,70,63099,81,63098,104,63101,3272002,63100,27,63102,10,63103,0,62599,0,63103,2,63103,0,63104,266666,63104,31,63105,1401600,63105,1401600,63105,1401600,63105,1401600,63106,883200,63106,883200,63106,0,63106,0,
63094,0,63195,55,63096,3,63197,50,63200,60,63202,45,63200,104,63204,2133707,63204,20,63206,0,63207,0,62702,0,63207,2,63207,0,63208,266666,63208,31,63209,1401600,63209,1401600,63210,1401600,63210,1401600,63210,883200,63211,883200,63211,0,63211,0,
63195,0,63296,75,63197,3,63297,44,63299,58,63301,50,63300,104,63303,2149693,63303,0,63305,0,63305,0,62801,0,63306,2,63306,0,63306,266666,63307,31,63307,1401600,63308,1401600,63308,1401600,63309,1401600,63309,883200,63309,883200,63310,0,63310,0,
63296,0,63396,42,63298,3,63398,66,63401,60,63403,60,63401,104,63405,2155725,63405,0,63407,0,63408,0,62905,0,63408,2,63408,0,63409,266666,63409,31,63410,1401600,63410,1401600,63411,1401600,63411,1401600,63411,883200,63412,883200,63412,0,63412,0,
63396,0,63498,70,63398,3,63500,50,63503,75,63505,60,63504,104,63507,2318572,63507,0,63509,0,63510,0,63003,0,63510,2,63510,0,63511,266666,63512,31,63512,1401600,63513,1401600,63513,1401600,63514,1401600,63514,883200,63514,883200,63515,0,63515,0,
63498,0,63628,68,63501,3,63634,46,63636,64,63639,80,63637,104,63640,2359745,63640,8,63643,0,63644,0,63102,0,63644,2,63644,0,63644,266666,63645,31,63645,1401600,63645,1401600,63646,1401600,63646,1401600,63647,883200,63647,883200,63647,0,63648,0,
63628,0,63705,71,63634,3,63707,40,63709,25,63710,57,63709,104,63712,1985015,63712,14,63714,83,63714,0,63206,0,63715,2,63715,0,63715,266666,63716,31,63717,1401600,63717,1401600,63717,1401600,63718,1401600,63718,1113600,63719,1113600,63720,0,63720,0,
63705,0,63805,55,63707,3,63807,54,63809,40,63811,55,63810,104,63813,2355473,63813,0,63815,27,63816,0,63305,0,63816,2,63816,0,63816,266666,63817,31,63817,1401600,63818,1401600,63818,1401600,63818,1401600,63819,883200,63819,883200,63820,0,63821,0,
63806,0,63906,60,63808,3,63908,57,63910,66,63912,50,63911,104,63914,2263773,63914,0,63916,0,63916,0,63407,0,63917,2,63917,0,63917,266666,63917,44,63918,1401600,63918,1401600,63919,1401600,63919,1401600,63920,883200,63920,883200,63921,0,63921,0,
63907,0,64007,50,63909,3,64009,54,64011,58,64013,50,64012,104,64015,2469672,64015,60,64017,9,64017,0,63509,0,64018,2,64018,0,64018,266666,64019,44,64019,1305600,64020,1305600,64020,1305600,64021,1305600,64021,883200,64022,883200,64022,0,64022,0,
64007,0,64107,66,64009,3,64109,66,64111,45,64113,45,64111,104,64115,2350892,64114,40,64116,0,64117,0,63643,0,64117,2,64117,0,64117,266666,64118,44,64118,1401600,64118,1401600,64119,1401600,64123,1401600,64125,1382400,64127,1382400,64127,0,64128,0,
64108,0,64208,62,64109,3,64210,72,64212,72,64214,55,64212,104,64216,2886899,64215,50,64218,0,64219,0,63714,0,64219,2,64219,0,64219,266666,64221,44,64221,1401600,64223,1401600,64223,1401600,64224,1401600,64224,1612800,64225,1612800,64225,0,64226,0,
64208,0,64309,60,64210,3,64310,66,64312,60,64314,60,64313,104,64317,2501645,64316,0,64318,10,64319,0,63815,0,64320,2,64320,0,64321,266666,64322,44,64322,1401600,64323,1401600,64324,1401600,64324,1401600,64325,883200,64328,883200,64329,0,64330,0,
64309,0,64410,80,64311,3,64412,50,64414,40,64416,50,64414,104,64418,2373679,64417,0,64419,0,64420,0,63916,0,64421,2,64420,0,64421,266666,64422,44,64425,1305600,64429,1305600,64429,1305600,64431,1305600,64432,1382400,64432,1382400,64432,0,64432,0,
64410,0,64511,60,64412,3,64512,42,64514,60,64516,50,64515,104,64518,2627510,64518,80,64520,22,64521,0,64017,0,64522,2,64522,0,64522,266666,64523,44,64524,1382400,64524,1382400,64525,1382400,64525,1382400,64525,1612800,64526,1612800,64526,0,64527,0,
64511,0,64612,66,64513,3,64626,50,64628,60,64630,45,64628,104,64632,2679078,64632,25,64634,0,64635,0,64116,0,64635,2,64635,0,64636,266666,64637,44,64637,1401600,64638,1401600,64638,1401600,64638,1401600,64639,883200,64639,883200,64639,0,64640,0,
64612,0,64713,66,64626,3,64717,66,64719,77,64732,66,64720,104,64735,2771756,64735,33,64736,0,64737,0,64218,0,64738,2,64737,0,64738,266666,64738,44,64739,1401600,64739,1401600,64739,1401600,64739,1401600,64740,883200,64740,883200,64740,0,64741,0,
64713,0,64815,80,64718,3,64818,66,64822,66,64837,70,64825,104,64840,2863019,64839,50,64842,30,64843,0,64319,0,64844,2,64844,0,64844,266666,64845,44,64845,1401600,64845,1401600,64846,1401600,64846,1401600,64847,883200,64847,883200,64847,0,64847,0,
64815,0,64914,83,64818,3,64916,75,64918,66,64920,50,64918,104,64922,2788804,64921,11,64924,0,64925,0,64419,0,64925,2,64925,0,64926,266666,64929,37,64929,1401600,64930,1401600,64930,1401600,64930,1401600,64930,883200,64930,883200,64931,0,64931,0,
64915,0,65015,60,64916,3,65017,12,65018,50,65020,40,65019,104,65022,1867204,65022,0,65024,0,65025,0,64520,0,65026,2,65026,0,65026,266666,65027,37,65028,1401600,65028,1401600,65029,1401600,65029,1401600,65029,883200,65031,883200,65036,0,65036,0,
65015,0,65116,50,65017,3,65117,42,65119,50,65121,33,65120,104,65123,1945611,65122,0,65124,10,65125,0,64634,0,65125,2,65125,0,65126,266666,65126,37,65126,1401600,65127,1401600,65127,1401600,65127,1401600,65127,883200,65128,883200,65128,0,65128,0,
65116,0,65216,28,65118,3,65218,33,65220,11,65222,0,65220,104,65223,1353230,65223,0,65225,0,65226,0,64737,0,65226,2,65226,0,65227,266666,65227,37,65228,1401600,65228,1401600,65228,1401600,65229,1401600,65229,883200,65230,883200,65230,0,65230,0,
65217,0,65317,30,65218,3,65341,35,65342,0,65343,25,65342,104,65344,1637772,65344,71,65345,66,65345,0,64842,0,65346,2,65345,0,65346,550000,65346,37,65346,691200,65346,691200,65347,691200,65347,691200,65348,1612800,65348,1612800,65349,0,65349,0,
65339,0,65419,20,65341,3,65423,22,65426,12,65427,0,65426,104,65428,3631880,65428,71,65429,57,65430,0,64924,0,65430,2,65430,0,65430,550000,65430,37,65431,691200,65431,691200,65431,691200,65431,691200,65432,1113600,65432,1113600,65432,0,65432,0,
65419,0,65519,18,65424,3,65520,0,65522,0,65523,10,65522,104,65525,2909496,65524,33,65526,41,65526,0,65024,0,65527,2,65527,0,65527,550000,65527,37,65528,691200,65528,691200,65528,691200,65528,691200,65529,1113600,65529,1113600,65529,0,65529,0,
65519,0,65620,0,65520,3,65622,0,65623,0,65625,0,65624,104,65626,2787302,65626,33,65627,33,65628,0,65125,0,65628,2,65628,0,65628,550000,65629,37,65629,691200,65629,691200,65629,691200,65630,691200,65630,1113600,65630,1113600,65630,0,65630,0,
65620,0,65721,0,65622,3,65723,0,65725,0,65726,0,65725,104,65728,2700139,65728,20,65729,20,65729,0,65225,0,65730,2,65729,0,65730,550000,65730,37,65730,691200,65731,691200,65731,691200,65731,691200,65732,1113600,65732,1113600,65732,0,65732,0,
65721,0,65823,0,65723,3,65825,0,65827,0,65828,9,65827,104,65830,2630907,65829,12,65831,11,65831,0,65345,0,65832,2,65832,0,65832,550000,65832,37,65833,691200,65833,691200,65833,691200,65833,691200,65833,1113600,65833,1113600,65834,0,65834,0,
65824,0,65926,25,65825,3,65930,0,65933,10,65936,0,65934,104,65939,2632900,65939,9,65943,9,65945,0,65429,0,65946,2,65946,0,65946,480000,65947,29,65948,691200,65949,691200,65949,691200,65950,691200,65950,883200,65951,883200,65951,0,65952,0,
65927,0,66028,40,65930,3,66033,40,66036,0,66039,0,66036,104,66042,1802241,66042,0,66045,0,66046,0,65526,0,66047,2,66047,0,66047,432000,66048,29,66049,691200,66049,691200,66050,691200,66050,691200,66051,883200,66051,883200,66054,0,66054,0,
66029,0,66128,25,66033,3,66131,44,66134,20,66139,0,66135,104,66141,1591852,66140,10,66143,0,66144,0,65628,0,66144,2,66144,0,66145,266666,66145,29,66146,1305600,66146,1305600,66146,1305600,66146,1305600,66147,883200,66147,883200,66147,0,66149,0,
66128,0,66229,33,66132,3,66232,18,66236,0,66240,22,66237,104,66244,1135891,66243,0,66246,0,66248,0,65729,0,66249,2,66248,0,66249,266666,66251,29,66252,691200,66253,691200,66254,1305600,66255,1305600,66255,883200,66256,883200,66256,0,66257,0,
66229,0,66328,50,66233,3,66330,40,66332,10,66335,60,66333,104,66337,1299097,66336,0,66338,0,66339,0,65831,0,66340,2,66339,0,66340,266666,66341,29,66341,1305600,66341,1305600,66342,1305600,66342,1305600,66342,883200,66343,883200,66343,0,66343,0,
66329,0,66431,25,66331,3,66435,20,66439,27,66442,18,66440,104,66444,1227140,66444,0,66445,0,66446,0,65944,0,66447,2,66446,0,66447,266666,66447,29,66448,1305600,66448,1305600,66448,1305600,66449,1305600,66449,883200,66449,883200,66449,0,66450,0,
66432,0,66535,30,66436,3,66545,0,66548,0,66551,30,66549,104,66554,1066112,66554,0,66556,0,66557,0,66045,0,66557,2,66557,0,66557,266666,66558,29,66558,1305600,66559,1305600,66559,1305600,66559,1305600,66559,883200,66560,883200,66560,0,66560,0,
66537,0,66632,27,66545,3,66635,11,66639,0,66642,22,66639,104,66646,1066112,66646,0,66649,0,66650,0,66143,0,66651,2,66651,0,66652,266666,66654,29,66654,691200,66654,1305600,66655,1305600,66655,1305600,66655,883200,66655,883200,66656,0,66656,0,
66633,0,66736,50,66636,3,66739,12,66742,11,66745,16,66743,104,66747,1053009,66747,0,66749,0,66749,0,66247,0,66750,2,66750,0,66750,266666,66751,29,66751,1305600,66751,1305600,66752,1305600,66752,1305600,66752,883200,66753,883200,66753,0,66753,0,
66736,0,66834,50,66740,3,66837,33,66839,20,66841,22,66839,104,66843,1415005,66843,0,66845,0,66846,0,66339,0,66847,2,66846,0,66847,266666,66848,29,66848,1305600,66849,1305600,66849,1305600,66849,1305600,66849,883200,66850,883200,66850,0,66850,0,
66835,0,66938,54,66837,3,66943,27,66947,30,66951,22,66948,104,66955,1457946,66954,0,66957,0,66958,0,66446,0,66958,2,66958,0,66959,266666,66961,29,66962,1305600,66963,1305600,66964,1305600,66965,1305600,66965,883200,66966,883200,66966,0,66967,0,
66939,0,67036,44,66944,3,67039,25,67043,33,67048,50,67044,104,67053,1559930,67052,0,67057,0,67059,0,66556,0,67060,2,67059,0,67060,300000,67061,29,67062,1305600,67063,1305600,67064,1305600,67064,1305600,67065,883200,67066,883200,67066,0,67067,0,
67036,0,67137,80,67040,3,67139,28,67144,37,67147,50,67145,104,67150,1900795,67150,0,67153,0,67154,0,66649,0,67157,2,67156,0,67157,300000,67158,29,67159,1401600,67160,1401600,67161,1401600,67161,1401600,67162,883200,67162,883200,67163,0,67163,0,
67138,0,67238,45,67140,3,67242,22,67245,20,67248,40,67245,104,67252,1620100,67251,0,67256,0,67257,0,66749,0,67257,2,67257,0,67257,300000,67258,29,67258,1305600,67258,1305600,67259,1305600,67259,1305600,67259,883200,67259,883200,67260,0,67260,0,
67239,0,67340,22,67242,3,67346,27,67350,20,67355,9,67351,104,67361,1272788,67360,0,67364,0,67365,0,66846,0,67366,2,67366,0,67366,266666,67367,29,67368,691200,67368,691200,67369,691200,67369,691200,67370,883200,67370,883200,67371,0,67371,0,
67341,0,67442,30,67346,3,67446,12,67454,36,67460,0,67456,104,67463,899458,67463,0,67466,0,67467,0,66957,0,67467,2,67467,0,67468,266666,67469,47,67469,691200,67470,691200,67470,691200,67471,691200,67472,883200,67472,883200,67473,0,67473,0,
67443,0,67543,22,67447,3,67547,20,67553,40,67557,0,67554,104,67560,1236074,67560,0,67562,0,67563,0,67058,0,67564,2,67564,0,67565,266666,67566,47,67566,806400,67567,806400,67567,806400,67567,806400,67568,883200,67568,883200,67569,0,67569,0,
67543,0,67643,0,67548,3,67647,22,67653,27,67658,0,67655,104,67661,1195702,67660,0,67663,0,67664,0,67153,0,67665,2,67665,0,67665,266666,67666,47,67667,806400,67667,806400,67667,806400,67668,806400,67668,883200,67669,883200,67669,0,67669,0,
67644,0,67745,11,67648,3,67749,11,67752,20,67755,0,67753,104,67759,1178131,67759,0,67765,0,67767,0,67256,0,67767,2,67767,0,67768,266666,67769,47,67769,1305600,67769,1305600,67770,1305600,67770,1305600,67770,883200,67770,883200,67771,0,67771,0,
67746,0,67847,25,67749,3,67853,45,67862,10,67867,0,67864,104,67870,1502111,67870,0,67873,0,67875,0,67365,0,67876,2,67875,0,67876,266666,67877,47,67877,1305600,67878,1305600,67878,1305600,67878,1305600,67878,883200,67878,883200,67879,0,67879,0,
67847,0,67947,70,67855,3,67952,22,67954,80,67957,22,67955,104,67959,2114016,67959,0,67961,0,67961,0,67466,0,67962,2,67962,0,67962,266666,67963,47,67963,1401600,67964,1401600,67964,1401600,67964,1401600,67965,1382400,67965,1382400,67965,0,67965,0,
67948,0,68047,37,67952,3,68049,27,68052,0,68055,20,68053,104,68058,2168905,68057,100,68060,20,68061,0,67563,0,68061,2,68061,0,68062,266666,68063,47,68063,691200,68064,691200,68064,691200,68065,691200,68065,1804800,68066,1804800,68066,0,68067,0,
68047,0,68148,12,68050,3,68150,18,68153,9,68155,10,68153,104,68157,2276945,68157,100,68159,60,68160,0,67663,0,68161,2,68160,0,68162,266666,68163,47,68163,1305600,68164,1305600,68164,1305600,68165,1305600,68165,1804800,68166,1804800,68166,0,68166,0,
68148,0,68248,60,68151,3,68251,36,68253,45,68256,12,68254,104,68258,3277216,68258,90,68260,20,68261,0,67766,0,68263,2,68262,0,68263,266666,68264,47,68264,1401600,68265,1401600,68265,1401600,68265,1401600,68266,1804800,68266,1804800,68266,0,68267,0,
68249,0,68348,41,68251,3,68350,27,68351,22,68354,0,68352,104,68357,1799963,68357,0,68360,0,68361,0,67874,0,68362,2,68361,0,68362,266666,68364,47,68365,691200,68366,691200,68367,691200,68367,691200,68368,883200,68369,883200,68370,0,68371,0,
68348,0,68450,40,68350,3,68455,44,68458,36,68462,9,68459,104,68466,1329713,68465,0,68469,0,68470,0,67961,0,68470,2,68470,0,68471,266666,68472,47,68473,1305600,68473,1305600,68474,1305600,68474,1305600,68474,883200,68475,883200,68475,0,68475,0,
68451,0,68553,33,68455,3,68557,30,68560,22,68564,0,68561,104,68567,1528949,68567,0,68570,0,68571,0,68060,0,68572,2,68572,0,68572,266666,68573,42,68574,691200,68574,691200,68574,691200,68575,691200,68575,883200,68575,883200,68575,0,68576,0,
68554,0,68653,25,68558,3,68656,0,68658,27,68660,0,68658,104,68662,1085014,68662,0,68665,0,68667,0,68159,0,68668,2,68667,0,68668,266666,68669,42,68669,1305600,68670,1305600,68670,1305600,68671,1305600,68671,883200,68671,883200,68672,0,68672,0,
68654,0,68760,33,68656,3,68769,25,68772,36,68775,0,68773,104,68777,1485966,68777,0,68779,0,68780,0,68261,0,68780,2,68780,0,68781,266666,68781,42,68782,1305600,68782,1305600,68783,1305600,68783,1305600,68783,883200,68783,883200,68784,0,68784,0,
68762,0,68859,50,68769,3,68864,30,68867,40,68871,11,68868,104,68875,1684567,68874,0,68878,0,68878,0,68360,0,68879,2,68879,0,68880,266666,68881,42,68881,1305600,68882,1305600,68883,1305600,68884,1305600,68884,883200,68884,883200,68885,0,68885,0,
68860,0,68959,60,68864,3,68962,37,68964,60,68967,66,68965,104,68970,2178384,68969,0,68974,0,68975,0,68469,0,68976,2,68976,0,68976,432000,68978,42,68979,1401600,68980,1401600,68980,1401600,68981,1401600,68982,883200,68982,883200,68983,0,68983,0,
68959,0,69059,33,68962,3,69060,22,69061,30,69066,22,69062,104,69069,2659883,69069,36,69070,12,69070,0,68570,0,69071,2,69071,0,69071,480000,69071,42,69071,1401600,69071,1382400,69071,1382400,69072,1382400,69072,1804800,69072,1804800,69072,0,69072,0,
69059,0,69160,11,69060,3,69161,9,69163,0,69165,0,69163,104,69166,2982784,69166,55,69168,50,69168,0,68666,0,69169,2,69169,0,69169,480000,69170,42,69170,691200,69170,691200,69170,691200,69171,691200,69171,1804800,69171,1804800,69171,0,69171,0,
69160,0,69261,10,69162,3,69262,10,69263,0,69264,10,69264,104,69268,3135249,69268,40,69270,40,69270,0,68779,0,69270,2,69270,0,69270,480000,69271,42,69271,1017600,69271,1017600,69272,1017600,69272,1017600,69272,1804800,69272,1804800,69272,0,69272,0,
69261,0,69311,20,69262,3,69312,20,69313,0,69314,0,69313,104,69315,3219377,69315,50,69316,75,69317,0,68878,0,69317,2,69317,0,69317,480000,69318,42,69318,1305600,69318,1305600,69319,1305600,69319,1305600,69319,1804800,69319,1804800,69319,0,69319,0,
69311,0,69465,7,69312,3,69466,6,69468,6,69470,0,69469,104,69472,3463340,69472,46,69473,43,69474,0,68974,0,69474,2,69474,0,69474,432000,69474,42,69475,1305600,69475,1305600,69475,1305600,69475,1305600,69475,1804800,69475,1804800,69475,0,69475,0,
69465,0,69518,0,69467,3,69519,0,69521,0,69522,0,69521,104,69523,2768299,69522,50,69523,60,69524,0,69070,0,69524,2,69524,0,69524,432000,69524,42,69524,691200,69525,691200,69525,691200,69525,691200,69525,1804800,69525,1804800,69525,0,69525,0,
69518,0,69618,10,69520,3,69620,0,69621,0,69622,0,69621,104,69623,2944993,69623,50,69624,25,69624,0,69168,0,69624,2,69624,0,69625,432000,69625,62,69625,691200,69625,691200,69625,691200,69626,691200,69626,1804800,69626,1804800,69626,0,69626,0,
69618,0,69720,10,69620,3,69722,0,69723,0,69724,0,69723,104,69725,3097912,69725,14,69726,54,69726,0,69270,0,69726,2,69726,0,69726,432000,69726,62,69727,1017600,69727,1017600,69727,1017600,69727,1017600,69727,1804800,69727,1804800,69728,0,69728,0,
69721,0,69820,18,69722,3,69821,0,69822,0,69823,0,69822,104,69824,3511615,69824,25,69825,25,69825,0,69316,0,69825,2,69825,0,69825,432000,69825,62,69826,691200,69826,691200,69826,691200,69826,691200,69826,1804800,69826,1804800,69826,0,69826,0,
69820,0,69921,0,69821,3,69922,0,69922,0,69923,9,69922,104,69924,3464792,69924,54,69925,45,69925,0,69474,0,69925,2,69925,0,69925,432000,69925,62,69926,691200,69926,691200,69926,691200,69926,691200,69926,1804800,69926,1804800,69926,0,69926,0,
69921,0,70023,10,69922,3,70023,0,70024,0,70025,0,70024,104,70026,3494450,70026,37,70027,44,70027,0,69523,0,70027,2,70027,0,70027,432000,70027,62,70028,691200,70028,691200,70028,691200,70028,691200,70029,1804800,70029,1804800,70029,0,70029,0,
70023,0,70124,0,70023,3,70125,0,70126,0,70127,9,70126,104,70128,3547788,70128,44,70128,50,70129,0,69624,0,70129,2,70129,0,70129,480000,70130,62,70130,691200,70130,691200,70130,691200,70130,691200,70131,1804800,70132,1804800,70132,0,70132,0,
70124,0,70225,10,70125,3,70226,0,70226,10,70227,0,70227,104,70228,4128553,70228,45,70228,44,70229,0,69726,0,70229,2,70229,0,70229,480000,70230,62,70230,691200,70230,691200,70230,691200,70230,691200,70230,1804800,70231,1804800,70231,0,70231,0,
70225,0,70326,10,70226,3,70327,0,70328,0,70328,0,70328,104,70329,3942638,70329,33,70330,45,70331,0,69825,0,70331,2,70331,0,70331,480000,70332,62,70332,691200,70333,1382400,70333,1382400,70333,1382400,70333,1804800,70333,1804800,70333,0,70333,0,
70326,0,70428,10,70327,3,70429,0,70430,0,70431,0,70430,104,70433,4062521,70432,45,70434,44,70435,0,69925,0,70435,2,70435,0,70435,480000,70436,62,70439,691200,70439,691200,70439,691200,70439,691200,70439,1804800,70439,1804800,70440,0,70440,0,
70428,0,70529,0,70429,3,70530,10,70532,0,70534,9,70532,104,70536,4117339,70536,50,70537,33,70538,0,70027,0,70538,2,70538,0,70539,432000,70539,62,70540,691200,70540,691200,70540,691200,70540,691200,70540,1804800,70540,1804800,70541,0,70541,0,
70530,0,70631,18,70531,3,70632,0,70633,0,70635,0,70634,104,70637,3519610,70637,50,70638,33,70639,0,70129,0,70639,2,70639,0,70639,432000,70640,69,70640,1190400,70640,1190400,70641,1190400,70641,1190400,70641,1804800,70641,1804800,70641,0,70641,0,
70631,0,70732,25,70632,3,70733,16,70735,0,70739,0,70737,104,70740,3955839,70740,50,70741,58,70741,0,70229,0,70741,2,70741,0,70741,432000,70742,69,70742,1017600,70742,1017600,70742,1017600,70742,691200,70742,1804800,70742,1804800,70742,0,70743,0,
70732,0,70834,10,70734,3,70835,0,70837,0,70838,0,70837,104,70840,3913067,70840,37,70841,45,70841,0,70330,0,70841,2,70841,0,70842,432000,70842,69,70842,691200,70842,691200,70843,691200,70843,691200,70843,1804800,70843,1804800,70843,0,70843,0,
70834,0,70934,0,70836,3,70935,0,70937,0,70939,0,70937,104,70940,3877093,70940,50,70942,25,70943,0,70434,0,70943,2,70943,0,70943,432000,70944,69,70944,1305600,70944,1305600,70945,1305600,70945,1305600,70945,1804800,70945,1804800,70945,0,70945,0,
70935,0,71034,50,70936,3,71036,27,71037,25,71039,30,71038,104,71040,4124524,71040,20,71042,10,71042,0,70537,0,71042,2,71042,0,71043,432000,71043,69,71043,691200,71044,691200,71044,691200,71044,691200,71044,883200,71045,883200,71045,0,71045,0,
71035,0,71137,50,71036,3,71139,25,71140,33,71141,11,71140,104,71143,3324654,71143,20,71143,27,71144,0,70638,0,71144,2,71144,0,71144,432000,71144,69,71144,691200,71144,691200,71145,691200,71145,691200,71145,1804800,71145,1804800,71145,0,71145,0,
71137,0,71238,0,71139,3,71239,0,71241,0,71242,0,71241,104,71243,3664992,71243,45,71244,36,71244,0,70741,0,71244,2,71244,0,71244,432000,71245,69,71245,691200,71245,691200,71245,691200,71245,691200,71245,1804800,71245,1804800,71245,0,71246,0,
71238,0,71341,27,71239,3,71342,25,71343,18,71344,10,71343,104,71345,4156362,71345,72,71346,75,71347,0,70841,0,71348,2,71348,0,71349,432000,71350,69,71350,691200,71351,691200,71351,691200,71351,691200,71351,1804800,71351,1804800,71351,0,71352,0,
71341,0,71442,18,71342,3,71443,0,71444,10,71445,0,71444,104,71446,4052761,71446,33,71446,40,71447,0,70942,0,71447,2,71447,0,71447,432000,71447,69,71447,691200,71447,691200,71448,691200,71448,691200,71448,1804800,71448,1804800,71448,0,71448,0,
71442,0,71544,14,71443,3,71545,20,71546,30,71547,0,71546,104,71548,3681838,71548,20,71549,12,71550,0,71042,0,71550,2,71550,0,71550,432000,71551,69,71551,1305600,71551,1305600,71552,1305600,71552,1305600,71552,883200,71552,883200,71553,0,71553,0,
71544,0,71645,44,71545,3,71648,36,71651,25,71654,20,71651,104,71658,3706588,71657,0,71661,8,71662,0,71143,0,71663,2,71663,0,71664,432000,71664,69,71665,1305600,71665,1305600,71665,1305600,71666,1305600,71666,883200,71666,883200,71666,0,71667,0,
71646,0,71747,37,71648,3,71750,40,71753,61,71756,20,71753,104,71760,3872179,71760,0,71763,0,71764,0,71244,0,71764,2,71764,0,71765,432000,71766,69,71766,1305600,71767,1305600,71767,1305600,71768,1305600,71768,883200,71769,883200,71769,0,71770,0,
71747,0,71848,66,71750,3,71851,22,71853,30,71857,25,71854,104,71860,3768586,71860,0,71863,0,71864,0,71346,0,71865,2,71864,0,71865,432000,71867,69,71867,1305600,71868,1305600,71868,1305600,71869,1305600,71869,883200,71870,883200,71870,0,71871,0,
71848,0,71948,20,71851,3,71949,12,71950,22,71952,12,71950,104,71955,3470677,71954,40,71956,22,71956,0,71447,0,71956,2,71956,0,71956,432000,71959,69,71959,691200,71959,691200,71959,691200,71960,691200,71960,1804800,71960,1804800,71960,0,71960,0,
71948,0,72050,10,71949,3,72051,16,72052,9,72053,9,72053,104,72054,3595883,72054,33,72055,40,72055,0,71549,0,72055,2,72055,0,72055,432000,72056,69,72056,1401600,72056,1401600,72056,1401600,72056,1401600,72057,1804800,72057,1804800,72057,0,72057,0,
72050,0,72153,53,72052,3,72156,45,72160,50,72164,33,72161,104,72166,4461571,72166,0,72169,0,72170,0,71662,0,72172,2,72171,0,72173,432000,72175,69,72176,1305600,72177,1305600,72178,1305600,72179,1305600,72180,883200,72181,883200,72182,0,72182,0,
72154,0,72253,69,72157,3,72256,40,72259,55,72264,12,72260,104,72266,3945716,72266,0,72269,0,72270,0,71763,0,72270,2,72270,0,72271,432000,72272,69,72273,1401600,72273,1401600,72274,1401600,72274,1401600,72275,883200,72275,883200,72276,0,72276,0,
72253,0,72353,40,72257,3,72354,22,72356,44,72358,11,72357,104,72361,3738425,72360,11,72362,11,72363,0,71863,0,72363,2,72363,0,72363,432000,72364,69,72364,691200,72364,691200,72364,691200,72364,691200,72364,1804800,72364,1804800,72365,0,72365,0,
72353,0,72457,10,72354,3,72459,0,72460,9,72462,0,72461,104,72463,3232533,72463,10,72465,11,72465,0,71956,0,72465,2,72465,0,72465,432000,72466,69,72466,691200,72466,691200,72466,691200,72466,691200,72466,1804800,72466,1804800,72467,0,72467,0,
72458,0,72559,22,72459,3,72560,0,72561,18,72563,20,72562,104,72564,3222000,72564,0,72565,10,72566,0,72055,0,72566,2,72566,0,72566,432000,72567,69,72567,1305600,72567,1305600,72568,1305600,72568,1305600,72568,883200,72568,883200,72569,0,72569,0,
72559,0,72661,55,72560,3,72663,33,72664,44,72666,0,72664,104,72672,3738391,72671,0,72673,18,72674,0,72170,0,72674,2,72674,0,72674,432000,72675,61,72675,1017600,72676,1017600,72676,1017600,72676,1017600,72676,883200,72676,883200,72677,0,72677,0,
72661,0,72760,50,72663,3,72763,44,72764,58,72766,22,72765,104,72767,3355833,72767,0,72768,0,72769,0,72269,0,72769,2,72769,0,72769,432000,72770,61,72770,806400,72770,806400,72770,806400,72771,806400,72771,883200,72771,883200,72771,0,72772,0,
72761,0,72862,44,72763,3,72865,33,72867,33,72870,36,72868,104,72874,3044438,72873,0,72876,9,72877,0,72362,0,72878,2,72877,0,72878,432000,72879,61,72880,1401600,72880,1401600,72881,1401600,72881,1401600,72881,883200,72882,883200,72882,0,72883,0,
72862,0,72964,63,72865,3,72967,33,72973,40,72979,50,72975,104,72983,3825752,72982,0,72985,0,72986,0,72465,0,72987,2,72987,0,72988,432000,72989,61,72990,1305600,72991,1305600,72993,1305600,72994,1305600,72995,883200,72995,883200,72996,0,72996,0,
72965,0,73064,55,72968,3,73067,44,73069,63,73072,45,73069,104,73075,3789044,73075,0,73078,0,73079,0,72566,0,73080,2,73080,0,73081,432000,73082,61,73082,1305600,73083,1305600,73083,1305600,73083,1305600,73083,883200,73084,883200,73084,0,73084,0,
73065,0,73165,50,73067,3,73167,50,73169,44,73172,36,73170,104,73175,3644119,73174,0,73177,0,73179,0,72673,0,73180,2,73180,0,73181,432000,73183,61,73183,1401600,73184,1401600,73184,1401600,73184,1401600,73184,1804800,73184,1804800,73184,0,73184,0,
73165,0,73265,18,73167,3,73266,20,73267,20,73268,11,73267,104,73268,3499878,73268,44,73269,33,73269,0,72768,0,73270,2,73269,0,73270,432000,73270,61,73270,691200,73270,691200,73271,691200,73271,691200,73271,1804800,73271,1804800,73272,0,73272,0,
73265,0,73366,18,73266,3,73367,0,73368,0,73370,9,73369,104,73372,3368052,73371,36,73372,40,73373,0,72876,0,73373,2,73373,0,73373,432000,73373,61,73374,1382400,73374,1382400,73374,1382400,73374,1382400,73374,1804800,73374,1804800,73374,0,73375,0,
73366,0,73468,18,73368,3,73469,0,73470,9,73471,0,73470,104,73474,3611769,73474,44,73477,30,73478,0,72985,0,73478,2,73478,0,73479,432000,73480,61,73480,1017600,73480,1017600,73480,1017600,73480,1017600,73480,1804800,73480,1804800,73481,0,73481,0,
73468,0,73569,10,73469,3,73571,9,73572,0,73574,0,73572,104,73576,3253505,73576,25,73577,25,73577,0,72998,0,73577,2,73577,0,73578,432000,73578,61,73579,691200,73579,691200,73579,691200,73579,691200,73579,1804800,73580,1804800,73580,0,73580,0,
73570,0,73671,10,73571,3,73672,0,73673,11,73675,0,73673,104,73676,3365320,73676,45,73680,40,73680,0,73078,0,73682,2,73682,0,73682,432000,73683,72,73683,1190400,73683,1190400,73683,1190400,73683,1190400,73683,1804800,73684,1804800,73684,0,73684,0,
73671,0,73774,27,73672,3,73775,25,73777,10,73779,10,73777,104,73781,4238644,73781,45,73783,12,73784,0,73178,0,73784,2,73784,0,73784,432000,73785,72,73785,1305600,73785,1305600,73786,1305600,73786,1305600,73786,883200,73786,883200,73786,0,73787,0,
73774,0,73874,55,73776,3,73876,80,73880,44,73884,54,73881,104,73886,4433401,73886,9,73887,0,73888,0,73269,0,73888,2,73888,0,73889,432000,73889,72,73889,1305600,73889,1305600,73890,1305600,73890,1305600,73890,1804800,73890,1804800,73890,0,73890,0,
73874,0,73976,11,73877,3,73977,12,73980,9,73981,0,73980,104,73982,3847243,73982,60,73983,33,73984,0,73372,0,73984,2,73984,0,73984,432000,73984,72,73985,691200,73985,691200,73985,691200,73985,691200,73985,1804800,73985,1804800,73985,0,73986,0,
73976,0,74078,0,73977,3,74079,0,74080,10,74082,0,74081,104,74083,3815286,74083,40,74085,27,74085,0,73477,0,74085,2,74085,0,74086,432000,74086,72,74086,1017600,74087,1017600,74087,1017600,74087,1017600,74088,883200,74088,883200,74088,0,74088,0,
74078,0,74182,50,74079,3,74186,11,74190,10,74193,18,74190,104,74196,3520234,74195,0,74197,0,74198,0,73577,0,74199,2,74198,0,74199,432000,74199,72,74200,1305600,74200,1305600,74200,1305600,74200,1305600,74201,883200,74201,883200,74201,0,74202,0,
74183,0,74280,42,74187,3,74284,33,74289,44,74293,22,74290,104,74296,3879001,74295,0,74299,0,74300,0,73680,0,74301,2,74301,0,74302,432000,74303,72,74303,1305600,74303,1305600,74304,1305600,74304,1305600,74304,883200,74304,883200,74305,0,74305,0,
74281,0,74384,54,74285,3,74387,50,74391,33,74394,40,74392,104,74396,4072234,74396,0,74398,0,74399,0,73783,0,74399,2,74399,0,74400,480000,74401,72,74402,1305600,74403,1305600,74403,1305600,74403,1305600,74404,883200,74404,883200,74404,0,74405,0,
74384,0,74484,54,74388,3,74486,54,74489,60,74492,22,74489,104,74495,4716034,74495,0,74499,0,74500,0,73888,0,74502,2,74501,0,74502,480000,74504,72,74505,1305600,74505,1305600,74506,1305600,74506,1305600,74506,883200,74506,883200,74507,0,74507,0,
74484,0,74584,64,74487,3,74589,66,74593,44,74596,36,74594,104,74600,4823386,74600,0,74604,0,74605,0,73983,0,74606,2,74606,0,74606,480000,74607,72,74608,1305600,74608,1305600,74609,1305600,74609,1305600,74610,883200,74610,883200,74611,0,74612,0,
74585,0,74685,55,74589,3,74688,22,74690,44,74693,40,74691,104,74697,4560374,74696,0,74700,0,74702,0,74085,0,74703,2,74703,0,74703,480000,74704,65,74704,1305600,74705,1305600,74705,1305600,74705,1305600,74705,883200,74706,883200,74706,0,74706,0,
74686,0,74787,40,74688,3,74788,25,74792,36,74794,27,74793,104,74795,4073602,74795,10,74796,10,74797,0,74198,0,74797,2,74797,0,74797,480000,74798,65,74798,691200,74799,691200,74800,691200,74800,691200,74800,1804800,74801,1804800,74801,0,74802,0,
74787,0,74887,25,74789,3,74888,25,74889,9,74890,10,74889,104,74891,3928597,74891,37,74892,33,74892,0,74300,0,74893,2,74893,0,74893,480000,74893,65,74894,1305600,74894,1305600,74894,1305600,74895,1305600,74895,1804800,74895,1804800,74896,0,74896,0,
74887,0,74988,9,74888,3,74989,10,74990,0,74991,9,74990,104,74992,4227296,74992,45,74993,45,74994,0,74398,0,74994,2,74994,0,74995,432000,74995,65,74996,691200,74996,806400,74996,806400,74997,806400,74998,1113600,74999,1113600,74999,0,75000,0,
74988,0,75091,33,74989,3,75094,20,75096,11,75100,10,75097,104,75103,3232284,75102,9,75105,0,75107,0,74499,0,75107,2,75107,0,75108,432000,75109,65,75109,691200,75110,691200,75111,691200,75111,691200,75112,883200,75112,883200,75113,0,75113,0,
75091,0,75193,55,75094,3,75195,20,75198,36,75204,20,75199,104,75209,3100482,75208,0,75212,0,75213,0,74605,0,75214,2,75214,0,75215,432000,75217,65,75218,1305600,75219,1305600,75220,1305600,75220,1305600,75221,883200,75221,883200,75222,0,75223,0,
75193,0,75292,37,75195,3,75294,37,75297,58,75302,50,75298,104,75305,3816389,75304,0,75307,0,75308,0,74701,0,75308,2,75308,0,75309,432000,75311,65,75312,1401600,75313,1401600,75313,1401600,75313,1401600,75314,883200,75314,883200,75314,0,75314,0,
75292,0,75394,60,75294,3,75397,25,75400,44,75405,45,75401,104,75409,3888946,75408,0,75412,0,75413,0,74797,0,75414,2,75413,0,75415,432000,75416,65,75417,1305600,75418,1305600,75419,1305600,75419,1305600,75419,883200,75420,883200,75420,0,75420,0,
75394,0,75495,42,75397,3,75497,14,75501,44,75505,33,75502,104,75508,3553377,75507,0,75510,0,75510,0,74892,0,75511,2,75511,0,75512,432000,75513,65,75514,1401600,75514,1401600,75515,1401600,75515,1401600,75516,883200,75517,883200,75517,0,75518,0,
75495,0,75597,33,75498,3,75600,30,75604,60,75608,30,75605,104,75611,3762287,75611,0,75613,0,75615,0,74994,0,75615,2,75615,0,75616,432000,75617,65,75617,1401600,75618,1401600,75618,1401600,75619,1401600,75619,883200,75619,883200,75620,0,75620,0,
75597,0,75695,25,75601,3,75699,33,75701,33,75706,41,75703,104,75710,3635629,75709,0,75713,0,75714,0,75106,0,75715,2,75715,0,75716,432000,75717,64,75718,1401600,75718,1401600,75718,1401600,75719,1401600,75719,883200,75719,883200,75720,0,75720,0,
75696,0,75796,58,75699,3,75799,33,75803,44,75806,25,75804,104,75808,3764123,75808,0,75810,0,75811,0,75212,0,75812,2,75811,0,75812,432000,75813,64,75814,1401600,75814,1401600,75815,1401600,75816,1401600,75817,883200,75817,883200,75818,0,75819,0,
75796,0,75898,50,75800,3,75900,14,75904,44,75908,36,75905,104,75911,3667621,75910,0,75913,0,75914,0,75307,0,75916,2,75915,0,75916,432000,75918,64,75919,1305600,75920,1305600,75920,1305600,75921,1305600,75922,883200,75922,883200,75923,0,75923,0,
75898,0,75998,30,75901,3,76001,50,76005,46,76008,36,76006,104,76011,3668653,76011,0,76014,0,76015,0,75412,0,76016,2,76016,0,76016,432000,76017,64,76018,691200,76018,691200,76019,691200,76019,691200,76020,883200,76020,883200,76021,0,76021,0,
75999,0,76101,40,76002,3,76104,36,76106,50,76109,0,76107,104,76111,3050136,76111,0,76113,0,76114,0,75510,0,76115,2,76114,0,76115,266666,76116,64,76117,1305600,76117,1305600,76118,1305600,76119,1305600,76119,883200,76120,883200,76121,0,76122,0,
76101,0,76204,12,76104,3,76212,12,76215,40,76219,27,76216,104,76222,1871543,76222,0,76225,0,76227,0,75614,0,76227,2,76227,0,76228,266666,76229,64,76229,806400,76230,806400,76230,806400,76231,806400,76231,883200,76232,883200,76232,0,76233,0,
76205,0,76254,33,76213,3,76259,40,76262,25,76270,25,76262,104,76282,1813008,76282,42,76285,28,76285,0,75713,0,76286,2,76286,0,76287,266666,76287,64,76288,1305600,76288,1305600,76290,1305600,76290,1305600,76291,1382400,76291,1382400,76292,0,76294,0,
76254,0,76354,66,76259,3,76358,40,76360,54,76363,45,76360,104,76366,2648525,76365,0,76369,0,76371,0,75810,0,76374,2,76373,0,76374,266666,76374,64,76375,1401600,76375,1401600,76375,1401600,76375,1401600,76375,1382400,76375,1382400,76376,0,76376,0,
76355,0,76455,60,76358,3,76458,33,76460,37,76462,37,76461,104,76465,2390330,76465,0,76469,0,76470,0,75913,0,76471,2,76471,0,76472,432000,76473,64,76474,1305600,76474,1305600,76474,1305600,76475,1305600,76475,883200,76476,883200,76476,0,76477,0,
76455,0,76556,58,76458,3,76558,40,76560,50,76563,12,76561,104,76565,3657918,76565,0,76569,0,76570,0,76015,0,76571,2,76571,0,76571,432000,76573,64,76573,1401600,76574,1401600,76574,1401600,76574,1401600,76575,883200,76575,883200,76575,0,76575,0,
76556,0,76655,40,76559,3,76657,30,76659,25,76660,0,76659,104,76663,3372084,76662,0,76664,0,76665,0,76113,0,76665,2,76665,0,76666,432000,76666,64,76666,1401600,76667,1401600,76667,1401600,76667,1401600,76667,883200,76668,883200,76668,0,76668,0,
76656,0,76758,33,76657,3,76761,10,76765,36,76776,9,76766,104,76780,3329865,76780,0,76783,0,76784,0,76226,0,76785,2,76784,0,76785,432000,76785,64,76786,1305600,76786,1305600,76787,1305600,76787,1305600,76788,883200,76788,883200,76789,0,76789,0,
76759,0,76860,50,76762,3,76863,60,76865,50,76868,55,76866,104,76874,3953135,76873,0,76877,0,76878,0,76285,0,76879,2,76879,0,76880,432000,76881,64,76882,1305600,76883,1305600,76883,1305600,76884,1305600,76884,883200,76885,883200,76886,0,76887,0,
76860,0,76959,66,76863,3,76961,22,76964,44,76967,37,76964,104,76971,3706226,76970,0,76974,0,76975,0,76370,0,76975,2,76975,0,76976,432000,76976,64,76977,1190400,76977,1190400,76977,1190400,76977,1190400,76978,883200,76978,883200,76978,0,76978,0,
76960,0,77060,50,76962,3,77062,40,77064,45,77067,28,77065,104,77071,3552116,77070,0,77074,0,77075,0,76469,0,77075,2,77075,0,77076,432000,77076,64,77076,1305600,77077,1305600,77077,1305600,77077,1305600,77077,883200,77078,883200,77078,0,77078,0,
77060,0,77161,37,77062,3,77163,36,77166,50,77170,54,77166,104,77174,3749167,77173,0,77176,0,77177,0,76569,0,77178,2,77178,0,77178,432000,77180,64,77181,1017600,77182,1017600,77183,1017600,77183,1017600,77184,883200,77184,883200,77185,0,77186,0,
77161,0,77262,54,77164,3,77264,40,77266,53,77269,45,77267,104,77273,3489809,77273,0,77275,0,77276,0,76664,0,77277,2,77277,0,77277,432000,77278,64,77278,1305600,77279,1305600,77279,1305600,77279,1305600,77280,883200,77280,883200,77280,0,77281,0,
77262,0,77363,33,77264,3,77365,30,77367,54,77371,20,77368,104,77375,3534463,77375,0,77377,0,77378,0,76784,0,77378,2,77378,0,77379,432000,77379,64,77380,1382400,77380,1382400,77381,1382400,77381,1382400,77382,883200,77382,883200,77383,0,77383,0,
77363,0,77465,33,77365,3,77468,20,77471,36,77475,20,77472,104,77478,3441731,77477,0,77481,0,77482,0,76877,0,77484,2,77483,0,77484,432000,77485,64,77486,691200,77486,691200,77487,691200,77487,691200,77488,883200,77488,883200,77489,0,77489,0,
77465,0,77565,44,77468,3,77568,20,77571,33,77575,0,77572,104,77579,2992359,77578,0,77583,0,77585,0,76974,0,77587,2,77586,0,77587,432000,77590,64,77595,691200,77597,691200,77597,691200,77598,691200,77598,883200,77598,883200,77599,0,77600,0,
77566,0,77667,25,77569,3,77674,30,77682,40,77689,0,77685,104,77697,2988374,77697,0,77702,0,77703,0,77074,0,77703,2,77703,0,77704,432000,77704,64,77705,1305600,77705,1305600,77706,1305600,77706,1305600,77706,883200,77706,883200,77707,0,77707,0,
77668,0,77767,44,77675,3,77769,45,77772,33,77774,25,77772,104,77777,3588139,77777,0,77779,0,77780,0,77177,0,77781,2,77781,0,77781,432000,77782,57,77782,1305600,77784,1305600,77785,1305600,77785,1305600,77786,883200,77787,883200,77787,0,77788,0,
77767,0,77867,54,77770,3,77871,44,77874,45,77877,53,77875,104,77879,3568468,77878,0,77880,0,77881,0,77276,0,77882,2,77882,0,77882,480000,77883,57,77884,1401600,77884,1401600,77885,1401600,77886,1401600,77886,883200,77887,883200,77887,0,77887,0,
77868,0,77969,50,77871,3,77973,27,77976,40,77978,37,77976,104,77981,3899686,77980,0,77983,0,77984,0,77377,0,77984,2,77984,0,77985,480000,77987,57,77988,1401600,77988,1401600,77989,1401600,77989,1401600,77989,883200,77989,883200,77990,0,77990,0,
77969,0,78071,50,77973,3,78073,22,78075,25,78076,33,78075,104,78077,3783782,78077,10,78078,0,78079,0,77481,0,78079,2,78079,0,78079,480000,78079,57,78080,1305600,78080,1305600,78080,1305600,78080,1305600,78081,883200,78081,883200,78081,0,78082,0,
78072,0,78172,25,78073,3,78175,25,78178,55,78180,40,78178,104,78182,3775119,78182,9,78184,0,78185,0,77584,0,78186,2,78185,0,78187,480000,78188,57,78189,1305600,78190,1305600,78191,1305600,78192,1305600,78193,883200,78193,883200,78194,0,78194,0,
78172,0,78272,45,78176,3,78276,54,78279,36,78282,45,78279,104,78285,3937020,78285,0,78287,0,78289,0,77702,0,78291,2,78291,0,78292,432000,78295,57,78295,1305600,78296,1305600,78296,1305600,78296,1305600,78297,883200,78297,883200,78297,0,78298,0,
78272,0,78373,66,78276,3,78376,40,78378,50,78380,30,78378,104,78381,3514792,78381,0,78383,0,78384,0,77780,0,78385,2,78384,0,78385,432000,78386,57,78387,1305600,78388,1305600,78388,1305600,78389,1305600,78389,883200,78389,883200,78390,0,78390,0,
78373,0,78474,54,78376,3,78477,36,78480,30,78481,25,78480,104,78482,3323570,78482,10,78483,9,78483,0,77880,0,78483,2,78483,0,78484,432000,78484,57,78484,1305600,78484,1305600,78484,1305600,78484,1305600,78484,1804800,78485,1804800,78485,0,78485,0,
78474,0,78574,0,78477,3,78575,10,78576,0,78577,0,78576,104,78578,3021966,78578,40,78579,22,78579,0,77983,0,78579,2,78579,0,78580,432000,78580,57,78580,691200,78580,691200,78580,691200,78580,691200,78580,1804800,78581,1804800,78581,0,78581,0,
78574,0,78676,10,78575,3,78678,10,78679,10,78680,0,78679,104,78682,2981950,78681,22,78683,18,78683,0,78078,0,78684,2,78683,0,78684,432000,78684,57,78685,1305600,78685,1305600,78685,1305600,78685,1305600,78686,883200,78686,883200,78686,0,78686,0,
78677,0,78778,30,78678,3,78781,18,78784,16,78789,18,78785,104,78794,3034455,78793,9,78798,0,78800,0,78184,0,78802,2,78801,0,78803,432000,78804,70,78805,691200,78805,691200,78806,691200,78806,691200,78807,883200,78807,883200,78808,0,78808,0,
78779,0,78879,60,78782,3,78882,58,78884,42,78887,37,78884,104,78891,3433891,78890,0,78894,0,78896,0,78288,0,78897,2,78896,0,78897,432000,78898,70,78898,1305600,78899,1305600,78899,1305600,78899,1305600,78900,883200,78900,883200,78900,0,78900,0,
78879,0,78979,55,78882,3,78981,44,78982,33,78984,40,78983,104,78986,3964629,78986,0,78988,0,78990,0,78383,0,78992,2,78991,0,78993,432000,78994,70,78995,1305600,78995,1305600,78996,1305600,78996,1305600,78996,883200,78997,883200,78997,0,78997,0,
78979,0,79081,50,78981,3,79083,45,79086,50,79089,41,79086,104,79094,4039775,79094,0,79097,0,79098,0,78483,0,79098,2,79098,0,79098,432000,79099,70,79100,1305600,79100,1305600,79101,1305600,79101,1305600,79101,883200,79102,883200,79103,0,79103,0,
79081,0,79181,58,79083,3,79185,40,79187,40,79191,50,79188,104,79195,4050510,79195,0,79198,0,79199,0,78579,0,79200,2,79199,0,79200,432000,79201,70,79202,1305600,79203,1305600,79204,1305600,79205,1305600,79205,883200,79206,883200,79206,0,79207,0,
79182,0,79283,36,79185,3,79286,30,79289,11,79293,30,79289,104,79297,3702282,79297,30,79300,10,79301,0,78683,0,79302,2,79302,0,79302,432000,79303,70,79304,691200,79304,691200,79305,691200,79305,691200,79305,883200,79306,883200,79306,0,79307,0,
79283,0,79384,35,79286,3,79388,18,79390,10,79396,33,79392,104,79400,3261516,79399,0,79403,0,79404,0,78799,0,79405,2,79404,0,79405,432000,79406,70,79406,691200,79407,691200,79407,691200,79408,691200,79408,883200,79409,883200,79409,0,79410,0,
79385,0,79486,30,79388,3,79491,10,79496,10,79498,20,79496,104,79500,3180867,79499,0,79501,0,79502,0,78895,0,79503,2,79503,0,79504,432000,79505,70,79505,1305600,79505,1305600,79506,1305600,79506,1305600,79506,883200,79507,883200,79507,0,79508,0,
79487,0,79587,54,79492,3,79589,50,79595,20,79600,33,79596,104,79602,3884115,79602,0,79604,0,79605,0,78989,0,79606,2,79606,0,79607,432000,79608,70,79609,1305600,79609,1305600,79610,1305600,79610,1305600,79610,883200,79610,883200,79611,0,79611,0,
79587,0,79688,57,79590,3,79691,44,79695,33,79699,25,79696,104,79702,3894850,79701,0,79703,0,79704,0,79097,0,79705,2,79705,0,79706,432000,79707,70,79708,1190400,79708,1190400,79709,1190400,79709,1190400,79709,883200,79710,883200,79710,0,79710,0,
79689,0,79789,50,79692,3,79793,40,79797,44,79800,25,79797,104,79803,3775937,79802,0,79805,0,79805,0,79198,0,79807,2,79806,0,79807,432000,79808,63,79809,1017600,79809,1017600,79810,1017600,79810,1017600,79810,883200,79811,883200,79812,0,79812,0,
79790,0,79890,44,79794,3,79895,40,79898,45,79901,50,79899,104,79903,3402660,79903,0,79906,0,79906,0,79300,0,79907,2,79907,0,79908,432000,79909,63,79909,1305600,79909,1305600,79910,1305600,79910,1305600,79910,883200,79911,883200,79912,0,79913,0,
79890,0,79991,55,79895,3,79995,58,79999,45,80001,40,80000,104,80003,3821503,80003,0,80005,0,80007,0,79403,0,80008,2,80007,0,80008,432000,80009,63,80009,1401600,80010,1401600,80010,1401600,80010,1401600,80010,883200,80010,883200,80011,0,80012,0,
79992,0,80091,20,79996,3,80094,20,80095,22,80097,11,80096,104,80098,3302867,80098,36,80098,36,80099,0,79502,0,80099,2,80099,0,80099,432000,80099,63,80100,691200,80100,691200,80100,691200,80100,691200,80100,1804800,80100,1804800,80100,0,80100,0,
80091,0,80192,33,80094,3,80195,30,80196,11,80198,18,80197,104,80199,3642872,80199,40,80200,41,80201,0,79604,0,80201,2,80201,0,80201,432000,80202,63,80202,1401600,80202,1401600,80203,1401600,80203,1401600,80203,1804800,80203,1804800,80204,0,80204,0,
80193,0,80297,40,80195,3,80300,22,80303,18,80306,30,80304,104,80310,3800266,80309,0,80314,0,80315,0,79704,0,80316,2,80316,0,80316,432000,80317,63,80317,1305600,80318,1305600,80318,1305600,80318,1305600,80319,883200,80319,883200,80319,0,80319,0,
80298,0,80399,45,80301,3,80402,30,80405,22,80409,44,80406,104,80413,3515551,80412,0,80414,0,80416,0,79805,0,80417,2,80416,0,80417,432000,80418,63,80419,1305600,80420,1305600,80420,1305600,80421,1305600,80421,883200,80422,883200,80422,0,80423,0,
80399,0,80498,45,80402,3,80501,25,80503,30,80505,45,80503,104,80507,3537021,80507,0,80509,0,80510,0,79906,0,80511,2,80510,0,80511,432000,80513,63,80513,1401600,80514,1401600,80514,1401600,80514,1401600,80515,883200,80515,883200,80515,0,80516,0,
80499,0,80600,22,80501,3,80602,40,80604,12,80607,33,80605,104,80609,3404078,80609,0,80611,0,80612,0,80006,0,80614,2,80614,0,80615,432000,80616,63,80617,806400,80618,806400,80618,806400,80619,806400,80619,883200,80619,883200,80620,0,80620,0,
80600,0,80701,40,80603,3,80704,50,80707,40,80710,20,80707,104,80712,3135246,80712,0,80714,0,80715,0,80099,0,80716,2,80716,0,80717,432000,80717,63,80718,1305600,80718,1305600,80719,1305600,80719,1305600,80720,883200,80720,883200,80720,0,80721,0,
80702,0,80801,60,80705,3,80803,25,80805,40,80807,12,80805,104,80810,3494080,80809,0,80813,0,80814,0,80201,0,80816,2,80816,0,80816,432000,80817,75,80818,1190400,80819,1190400,80819,1190400,80819,1190400,80820,883200,80820,883200,80820,0,80821,0,
80802,0,80904,58,80804,3,80907,55,80909,90,80912,30,80910,104,80914,4319713,80913,0,80915,0,80916,0,80314,0,80916,2,80916,0,80917,432000,80917,75,80917,1401600,80918,1401600,80918,1401600,80918,1401600,80918,883200,80918,883200,80919,0,80919,0,
80905,0,81004,25,80907,3,81009,10,81014,10,81031,0,81017,104,81035,3514733,81035,0,81038,0,81039,0,80415,0,81040,2,81040,0,81040,432000,81042,75,81043,691200,81043,691200,81044,691200,81044,691200,81045,883200,81045,883200,81046,0,81046,0,
81005,0,81106,45,81010,3,81120,44,81123,72,81125,10,81124,104,81129,3584007,81129,0,81132,0,81133,0,80509,0,81134,2,81134,0,81134,266666,81135,75,81136,1305600,81136,1305600,81136,1305600,81137,1305600,81137,883200,81137,883200,81137,0,81138,0,
81106,0,81205,33,81120,3,81207,20,81209,25,81213,0,81210,104,81219,2002604,81218,0,81223,0,81224,0,80612,0,81225,2,81225,0,81225,266666,81226,75,81226,1017600,81227,1017600,81227,1017600,81228,1017600,81228,883200,81228,883200,81229,0,81229,0,
81205,0,81307,20,81207,3,81311,0,81319,30,81329,0,81322,104,81334,1763803,81333,0,81336,0,81337,0,80715,0,81337,2,81337,0,81337,266666,81338,75,81338,1305600,81338,1305600,81339,1305600,81339,1305600,81339,883200,81339,883200,81340,0,81340,0,
81308,0,81408,25,81312,3,81412,18,81418,33,81425,0,81420,104,81429,1991869,81429,0,81432,0,81433,0,80813,0,81434,2,81434,0,81434,266666,81435,75,81435,1305600,81435,1305600,81436,1305600,81436,1305600,81436,883200,81436,883200,81437,0,81437,0,
81409,0,81510,20,81413,3,81514,18,81518,41,81521,0,81519,104,81525,2007972,81524,0,81527,0,81528,0,80916,0,81528,2,81528,0,81529,266666,81529,75,81530,1305600,81530,1305600,81530,1305600,81530,1305600,81530,883200,81531,883200,81531,0,81531,0,
81511,0,81610,30,81515,3,81613,11,81617,30,81620,0,81617,104,81624,1965031,81623,0,81626,0,81628,0,81038,0,81630,2,81629,0,81631,266666,81634,75,81635,691200,81635,1305600,81636,1305600,81636,1305600,81637,883200,81637,883200,81637,0,81638,0,
81610,0,81712,41,81614,3,81722,10,81731,36,81736,0,81733,104,81738,1912526,81737,0,81739,0,81740,0,81132,0,81740,2,81740,0,81741,266666,81741,75,81742,1305600,81742,1305600,81742,1305600,81743,1305600,81743,883200,81743,883200,81744,0,81744,0,
81713,0,81816,30,81723,3,81824,18,81829,22,81833,0,81829,104,81835,1959663,81835,0,81837,0,81838,0,81224,0,81838,2,81838,0,81838,266666,81839,75,81839,1305600,81840,1305600,81840,1305600,81840,1305600,81840,883200,81841,883200,81841,0,81841,0,
81818,0,81916,41,81825,3,81919,0,81922,27,81926,0,81923,104,81928,1948928,81928,0,81930,0,81930,0,81336,0,81931,2,81931,0,81931,266666,81932,75,81932,1305600,81933,1305600,81933,1305600,81933,1305600,81933,883200,81934,883200,81934,0,81934,0,
81916,0,82017,11,81920,3,82020,11,82024,22,82028,0,82025,104,82033,1820106,82032,0,82038,0,82039,0,81432,0,82040,2,82040,0,82040,266666,82041,75,82042,1305600,82042,1305600,82042,1305600,82043,1305600,82043,883200,82043,883200,82043,0,82044,0,
82018,0,82123,30,82021,3,82131,9,82138,18,82148,25,82140,104,82154,2024074,82154,0,82156,0,82158,0,81527,0,82159,2,82158,0,82159,266666,82161,33,82161,1305600,82162,1305600,82162,1305600,82163,1305600,82163,883200,82164,883200,82164,0,82164,0,
82124,0,82219,55,82132,3,82222,20,82224,11,82226,14,82224,104,82229,1353848,82229,0,82232,0,82233,0,81627,0,82234,2,82233,0,82234,266666,82235,33,82235,1305600,82235,1305600,82235,1305600,82236,1305600,82236,883200,82236,883200,82236,0,82237,0,
82220,0,82321,27,82222,3,82325,11,82328,11,82338,27,82329,104,82345,1225026,82345,0,82348,0,82349,0,81740,0,82350,2,82350,0,82351,266666,82352,33,82353,691200,82353,691200,82354,691200,82354,691200,82354,883200,82354,883200,82355,0,82355,0,
82322,0,82420,70,82325,3,82422,37,82423,50,82425,25,82424,104,82427,1179691,82427,0,82429,0,82429,0,81837,0,82430,2,82430,0,82431,266666,82432,33,82432,1401600,82433,1401600,82433,1401600,82434,1401600,82434,883200,82435,883200,82435,0,82436,0,
82420,0,82522,70,82422,3,82524,72,82527,72,82529,58,82527,104,82533,2457621,82533,0,82536,0,82537,0,81930,0,82538,2,82538,0,82539,266666,82540,33,82540,1401600,82541,1401600,82542,1401600,82542,1401600,82543,1804800,82543,1804800,82543,0,82544,0,
82523,0,82622,36,82525,3,82624,30,82625,20,82626,20,82625,104,82628,1917505,82628,50,82630,60,82631,0,82038,0,82631,2,82631,0,82632,432000,82632,33,82632,691200,82632,691200,82632,1305600,82632,1305600,82633,1804800,82633,1804800,82633,0,82633,0,
82623,0,82722,10,82624,3,82723,10,82724,0,82725,0,82724,104,82726,2601466,82726,50,82726,40,82727,0,82157,0,82728,2,82727,0,82728,550000,82728,33,82729,691200,82729,691200,82729,691200,82729,691200,82730,1804800,82730,1804800,82730,0,82730,0,
82722,0,82824,12,82723,3,82826,0,82827,18,82828,10,82827,104,82830,2914338,82830,25,82831,27,82832,0,82233,0,82832,2,82832,0,82833,550000,82833,33,82834,1305600,82834,1305600,82834,1305600,82834,1305600,82835,883200,82835,883200,82835,0,82835,0,
82825,0,82926,22,82826,3,82929,11,82932,11,82937,10,82933,104,82941,2626049,82941,8,82945,0,82946,0,82349,0,82947,2,82946,0,82947,550000,82948,33,82949,691200,82949,691200,82950,691200,82950,691200,82950,883200,82951,883200,82952,0,82952,0,
82927,0,83027,50,82930,3,83030,20,83034,0,83037,0,83034,104,83039,2374691,83039,0,83042,0,83043,0,82429,0,83044,2,83044,0,83045,550000,83046,33,83046,691200,83047,691200,83047,691200,83047,691200,83048,883200,83048,883200,83049,0,83049,0,
83028,0,83128,40,83031,3,83132,30,83138,0,83145,0,83139,104,83151,2374691,83150,0,83154,0,83154,0,82537,0,83155,2,83155,0,83155,266666,83156,48,83156,1305600,83157,1305600,83157,1305600,83157,1305600,83157,883200,83158,883200,83158,0,83158,0,
83129,0,83233,50,83132,3,83237,20,83240,30,83243,0,83240,104,83246,1627721,83246,0,83249,0,83250,0,82630,0,83251,2,83251,0,83252,266666,83253,48,83253,691200,83253,691200,83254,691200,83254,691200,83254,883200,83255,883200,83255,0,83255,0,
83234,0,83337,22,83237,3,83342,0,83345,30,83349,0,83346,104,83353,1194563,83352,0,83355,0,83356,0,82727,0,83356,2,83356,0,83356,266666,83357,48,83357,1305600,83357,1305600,83358,1305600,83358,1305600,83358,883200,83358,883200,83359,0,83359,0,
83338,0,83433,25,83342,3,83436,50,83439,22,83443,10,83440,104,83445,1665294,83445,0,83447,0,83447,0,82832,0,83448,2,83448,0,83448,266666,83449,48,83449,1305600,83450,1305600,83450,1305600,83451,1305600,83452,883200,83452,883200,83453,0,83454,0,
83434,0,83537,36,83437,3,83540,10,83544,41,83547,9,83545,104,83551,1606250,83550,0,83554,0,83554,0,82945,0,83555,2,83555,0,83555,266666,83556,48,83556,1305600,83556,1305600,83557,1305600,83557,1305600,83557,883200,83557,883200,83558,0,83558,0,
83538,0,83637,25,83541,3,83639,0,83641,11,83643,0,83642,104,83645,1284195,83645,0,83647,0,83648,0,83043,0,83648,2,83648,0,83649,266666,83649,48,83650,1305600,83650,1305600,83650,1305600,83650,1305600,83651,883200,83651,883200,83651,0,83652,0,
83638,0,83736,41,83639,3,83739,11,83743,10,83746,9,83743,104,83750,1472061,83749,0,83753,0,83754,0,83154,0,83755,2,83754,0,83755,266666,83755,48,83756,1305600,83756,1305600,83756,1305600,83757,1305600,83757,883200,83757,883200,83757,0,83758,0,
83737,0,83836,0,83740,3,83838,22,83840,0,83842,11,83840,104,83844,1268093,83844,0,83846,0,83846,0,83249,0,83847,2,83847,0,83847,266666,83848,48,83848,1305600,83849,1305600,83849,1305600,83849,1305600,83849,883200,83849,883200,83850,0,83850,0,
83836,0,83938,44,83838,3,83942,40,83944,0,83946,0,83944,104,83948,1541839,83948,0,83950,0,83951,0,83355,0,83952,2,83951,0,83952,266666,83953,48,83954,1305600,83954,1305600,83955,1305600,83955,1305600,83956,883200,83956,883200,83956,0,83957,0,
83939,0,84038,27,83942,3,84040,10,84042,11,84044,0,84042,104,84046,1348606,84045,0,84047,0,84048,0,83447,0,84048,2,84048,0,84049,266666,84049,48,84050,1305600,84050,1305600,84050,1305600,84050,1305600,84050,883200,84051,883200,84051,0,84052,0,
84038,0,84139,44,84040,3,84141,20,84143,46,84145,18,84144,104,84147,1778013,84147,0,84149,0,84150,0,83554,0,84151,2,84151,0,84152,266666,84152,48,84153,1190400,84153,1190400,84153,1190400,84154,1190400,84154,883200,84154,883200,84154,0,84155,0,
84139,0,84241,45,84141,3,84244,40,84247,33,84250,30,84248,104,84253,1774679,84253,0,84257,0,84258,0,83647,0,84258,2,84258,0,84259,266666,84260,36,84260,1190400,84260,1190400,84261,1190400,84261,1190400,84261,883200,84262,883200,84262,0,84263,0,
84241,0,84292,50,84245,3,84295,0,84297,50,84300,16,84298,104,84303,1407750,84302,0,84306,0,84308,0,83753,0,84309,2,84309,0,84309,266666,84311,36,84312,1190400,84312,1190400,84313,1190400,84313,1190400,84313,883200,84314,883200,84314,0,84315,0,
84292,0,84391,22,84295,3,84393,11,84395,33,84397,11,84396,104,84399,1227582,84399,0,84402,0,84402,0,83846,0,84403,2,84403,0,84403,266666,84404,36,84404,1017600,84405,1017600,84405,1017600,84405,1017600,84406,883200,84406,883200,84406,0,84407,0,
84391,0,84492,27,84394,3,84495,10,84498,18,84501,0,84499,104,84505,1069723,84504,0,84507,0,84509,0,83950,0,84509,2,84509,0,84510,266666,84511,36,84512,691200,84515,691200,84516,1305600,84517,1305600,84517,883200,84518,883200,84518,0,84519,0,
84493,0,84593,36,84496,3,84596,25,84599,30,84603,0,84600,104,84606,1154423,84606,0,84610,0,84611,0,84047,0,84613,2,84612,0,84613,266666,84614,36,84615,691200,84615,1305600,84615,1305600,84616,1305600,84616,883200,84616,883200,84617,0,84618,0,
84594,0,84696,45,84597,3,84700,10,84703,30,84715,10,84704,104,84720,1229898,84720,0,84724,0,84725,0,84150,0,84726,2,84725,0,84726,266666,84727,36,84727,1305600,84727,1305600,84728,1305600,84728,1305600,84728,883200,84728,883200,84729,0,84729,0,
84697,0,84796,30,84700,3,84797,11,84799,10,84801,22,84799,104,84803,1263698,84803,0,84805,0,84806,0,84257,0,84806,2,84806,0,84807,266666,84807,36,84807,1305600,84808,1305600,84808,1305600,84809,1305600,84809,883200,84809,883200,84810,0,84810,0,
84796,0,84898,20,84797,3,84901,9,84904,0,84908,20,84905,104,84912,1134876,84911,0,84915,0,84915,0,84307,0,84916,2,84916,0,84916,266666,84917,36,84918,1305600,84919,1305600,84919,1305600,84920,1305600,84920,883200,84921,883200,84922,0,84922,0,
84898,0,84998,36,84901,3,85002,20,85005,9,85008,9,85006,104,85013,1269066,85012,0,85015,0,85016,0,84402,0,85017,2,85017,0,85018,266666,85019,36,85019,1305600,85020,1305600,85020,1305600,85021,1305600,85021,883200,85022,883200,85022,0,85022,0,
84999,0,85099,22,85002,3,85101,40,85103,20,85106,30,85104,104,85109,1473034,85109,0,85112,0,85113,0,84508,0,85114,2,85113,0,85114,266666,85115,36,85115,1305600,85116,1305600,85116,1305600,85116,1305600,85117,883200,85118,883200,85118,0,85119,0,
85099,0,85201,30,85101,3,85204,41,85209,0,85214,20,85210,104,85217,1360315,85217,0,85219,0,85220,0,84610,0,85220,2,85220,0,85221,266666,85221,39,85222,1305600,85222,1305600,85222,1305600,85223,1305600,85223,883200,85223,883200,85224,0,85224,0,
85201,0,85301,12,85204,3,85303,30,85305,11,85309,0,85306,104,85314,1211120,85313,0,85316,0,85317,0,84724,0,85318,2,85317,0,85318,266666,85319,39,85319,1305600,85320,1305600,85321,1305600,85322,1305600,85322,883200,85323,883200,85324,0,85324,0,
85301,0,85403,33,85303,3,85406,30,85410,10,85414,0,85410,104,85418,1318472,85417,0,85421,0,85422,0,84805,0,85423,2,85423,0,85423,266666,85424,39,85425,691200,85426,691200,85426,691200,85426,691200,85427,883200,85427,883200,85428,0,85428,0,
85404,0,85504,30,85407,3,85507,30,85510,10,85514,0,85511,104,85517,1066101,85516,0,85519,0,85520,0,84915,0,85521,2,85520,0,85521,266666,85522,39,85523,1305600,85523,1305600,85524,1305600,85524,1305600,85524,883200,85525,883200,85525,0,85525,0,
85504,0,85604,30,85507,3,85608,20,85611,0,85616,0,85612,104,85619,1195018,85619,0,85623,0,85625,0,85016,0,85626,2,85626,0,85627,266666,85628,39,85629,691200,85630,691200,85630,691200,85632,691200,85634,883200,85635,883200,85636,0,85637,0,
85605,0,85706,30,85608,3,85710,22,85714,20,85718,30,85715,104,85721,1129855,85720,0,85723,0,85724,0,85112,0,85724,2,85724,0,85725,266666,85725,39,85726,1305600,85726,1305600,85726,1305600,85727,1305600,85727,883200,85727,883200,85728,0,85728,0,
85707,0,85807,20,85711,3,85810,0,85813,9,85816,20,85814,104,85818,1189650,85818,0,85820,0,85821,0,85220,0,85822,2,85822,0,85823,266666,85824,39,85824,1305600,85824,1305600,85824,1305600,85825,1305600,85825,883200,85825,883200,85825,0,85826,0,
85807,0,85907,30,85810,3,85910,10,85913,0,85918,20,85914,104,85923,1248693,85922,0,85928,0,85932,0,85317,0,85935,2,85935,0,85936,266666,85938,39,85940,1305600,85940,1305600,85941,1305600,85941,1305600,85941,883200,85941,883200,85942,0,85942,0,
85907,0,86007,75,85911,3,86009,30,86012,0,86014,60,86012,104,86016,1812290,86016,0,86018,0,86019,0,85421,0,86019,2,86019,0,86020,266666,86021,39,86022,1382400,86023,1382400,86024,1382400,86024,1382400,86024,883200,86025,883200,86025,0,86025,0,
86007,0,86109,33,86010,3,86112,11,86115,10,86118,22,86116,104,86122,1374709,86121,0,86124,0,86125,0,85519,0,86126,2,86126,0,86127,266666,86128,39,86129,691200,86129,691200,86130,691200,86131,691200,86132,883200,86133,883200,86134,0,86135,0,
86109,0,86211,45,86113,3,86213,27,86215,11,86217,22,86215,104,86220,1135832,86219,0,86223,0,86224,0,85624,0,86225,2,86225,0,86225,266666,86226,39,86227,691200,86227,691200,86228,691200,86228,691200,86229,883200,86229,883200,86230,0,86230,0,
86212,0,86313,40,86213,3,86316,22,86318,0,86321,0,86319,104,86325,1050162,86324,0,86327,0,86328,0,85723,0,86329,2,86329,0,86330,266666,86330,39,86331,691200,86332,691200,86332,691200,86333,691200,86333,883200,86334,883200,86334,0,86335,0,
86313,0,86414,27,86316,3,86417,22,86419,0,86423,0,86420,104,86426,1024262,86426,0,86429,0,86430,0,85821,0,86432,2,86431,0,86432,266666,86433,39,86434,1305600,86434,1305600,86434,1305600,86435,1305600,86435,883200,86435,883200,86436,0,86436,0,
86414,0,86515,33,86417,3,86517,20,86520,0,86523,0,86521,104,86526,1211120,86526,0,86529,0,86530,0,85930,0,86531,2,86531,0,86532,266666,86534,43,86534,1305600,86535,1305600,86535,1305600,86535,1305600,86535,883200,86536,883200,86536,0,86536,0,
86515,0,86616,22,86518,3,86619,11,86622,10,86626,0,86623,104,86629,1230478,86629,0,86633,0,86634,0,86018,0,86635,2,86635,0,86635,266666,86636,43,86636,1305600,86636,1305600,86637,1305600,86637,1305600,86637,883200,86638,883200,86638,0,86638,0,
86617,0,86717,33,86620,3,86720,22,86723,10,86726,0,86724,104,86729,1348564,86729,0,86732,0,86734,0,86125,0,86735,2,86734,0,86735,266666,86736,43,86736,1305600,86737,1305600,86737,1305600,86737,1305600,86737,883200,86738,883200,86738,0,86738,0,
86718,0,86821,60,86720,3,86824,41,86827,30,86830,10,86828,104,86836,1756501,86835,0,86837,0,86838,0,86223,0,86839,2,86839,0,86839,266666,86840,43,86841,1305600,86842,1305600,86843,1305600,86843,1305600,86844,883200,86844,883200,86844,0,86845,0,
86822,0,86922,41,86825,3,86925,20,86928,10,86932,0,86929,104,86935,1380770,86935,0,86938,0,86940,0,86328,0,86942,2,86941,0,86942,266666,86944,43,86945,691200,86946,691200,86946,691200,86947,691200,86947,883200,86948,883200,86948,0,86949,0,
86922,0,87025,30,86925,3,87029,22,87032,27,87035,0,87033,104,87039,1157064,87038,0,87042,0,87044,0,86429,0,87046,2,87045,0,87046,266666,87048,43,87048,691200,87049,691200,87049,691200,87050,691200,87050,883200,87051,883200,87052,0,87052,0,
87026,0,87125,22,87029,3,87128,20,87131,11,87135,0,87132,104,87139,1105264,87138,0,87143,0,87144,0,86529,0,87146,2,87145,0,87146,266666,87147,43,87148,691200,87149,691200,87149,691200,87150,691200,87150,883200,87151,883200,87152,0,87153,0,
87125,0,87224,22,87128,3,87226,40,87230,33,87234,0,87231,104,87236,1188941,87236,0,87238,0,87239,0,86633,0,87239,2,87239,0,87240,266666,87240,43,87241,1305600,87242,1305600,87242,1305600,87243,1305600,87243,883200,87243,883200,87244,0,87244,0,
87225,0,87326,20,87227,3,87335,20,87343,18,87348,0,87344,104,87353,1310991,87352,0,87355,0,87356,0,86733,0,87357,2,87357,0,87358,266666,87358,43,87359,1305600,87359,1305600,87359,1305600,87360,1305600,87360,883200,87361,883200,87362,0,87362,0,
87327,0,87426,25,87336,3,87429,11,87433,40,87437,10,87434,104,87442,1461284,87441,0,87447,0,87452,0,86838,0,87454,2,87453,0,87455,266666,87457,43,87458,691200,87459,691200,87459,691200,87459,691200,87460,883200,87460,883200,87460,0,87461,0,
87427,0,87527,22,87430,3,87531,0,87534,33,87539,0,87535,104,87544,1109249,87543,0,87548,0,87551,0,86938,0,87554,2,87554,0,87555,266666,87557,43,87558,1305600,87558,1305600,87558,1305600,87559,1305600,87559,883200,87559,883200,87560,0,87560,0,
87528,0,87628,33,87532,3,87631,11,87634,11,87638,0,87635,104,87642,1294889,87642,0,87646,0,87649,0,87042,0,87650,2,87650,0,87651,266666,87653,43,87654,691200,87655,691200,87655,691200,87655,691200,87656,883200,87656,883200,87657,0,87657,0,
87628,0,87728,27,87631,3,87732,36,87735,30,87739,0,87736,104,87743,1184957,87742,0,87747,0,87749,0,87143,0,87750,2,87750,0,87751,266666,87753,43,87754,691200,87755,1305600,87756,1305600,87757,1305600,87757,883200,87758,883200,87758,0,87759,0,
87729,0,87833,54,87732,3,87837,30,87841,44,87844,36,87842,104,87846,1697691,87846,0,87848,0,87849,0,87238,0,87849,2,87849,0,87849,266666,87850,42,87850,1382400,87851,1382400,87851,1382400,87852,1382400,87853,883200,87853,883200,87853,0,87853,0,
87834,0,87931,33,87838,3,87934,0,87938,10,87942,10,87939,104,87949,1293883,87947,0,87957,0,87959,0,87356,0,87960,2,87960,0,87960,266666,87961,42,87962,1305600,87962,1305600,87962,1305600,87962,1305600,87963,883200,87963,883200,87963,0,87963,0,
87931,0,88035,41,87935,3,88039,0,88043,36,88049,0,88044,104,88059,1394717,88058,0,88062,0,88063,0,87449,0,88064,2,88064,0,88064,266666,88065,42,88065,1305600,88066,1305600,88066,1305600,88066,1305600,88067,883200,88067,883200,88067,0,88067,0,
88036,0,88136,33,88040,3,88139,30,88143,9,88148,0,88144,104,88156,1367879,88155,0,88159,0,88160,0,87549,0,88161,2,88161,0,88161,266666,88162,42,88163,1305600,88163,1305600,88163,1305600,88164,1305600,88164,883200,88164,883200,88164,0,88164,0,
88136,0,88237,12,88140,3,88240,22,88244,11,88249,10,88245,104,88258,1276631,88257,0,88260,0,88261,0,87647,0,88262,2,88262,0,88262,266666,88262,42,88263,1305600,88263,1305600,88263,1305600,88264,1305600,88264,883200,88264,883200,88264,0,88265,0,
88237,0,88345,36,88241,3,88353,36,88356,16,88358,0,88357,104,88361,1453761,88361,0,88364,0,88365,0,87748,0,88366,2,88366,0,88366,266666,88367,42,88368,1305600,88368,1305600,88368,1305600,88369,1305600,88369,883200,88369,883200,88370,0,88370,0,
88347,0,88442,30,88354,3,88446,11,88453,14,88463,9,88456,104,88472,1324939,88470,0,88474,0,88475,0,87848,0,88476,2,88476,0,88476,266666,88477,42,88477,1305600,88477,1305600,88478,1305600,88478,1305600,88478,883200,88478,883200,88479,0,88479,0,
88442,0,88541,44,88447,3,88545,22,88550,0,88557,0,88552,104,88564,1335674,88563,0,88566,0,88567,0,87958,0,88568,2,88568,0,88569,266666,88570,42,88570,691200,88571,691200,88571,691200,88572,691200,88573,883200,88573,883200,88574,0,88574,0,
88542,0,88643,9,88546,3,88646,45,88656,9,88660,0,88657,104,88664,1106929,88664,0,88667,0,88667,0,88063,0,88668,2,88668,0,88668,266666,88669,42,88669,1305600,88670,1305600,88670,1305600,88671,1305600,88671,883200,88671,883200,88672,0,88672,0,
88643,0,88743,33,88647,3,88747,40,88752,11,88756,0,88753,104,88759,1432290,88759,0,88761,0,88762,0,88159,0,88763,2,88763,0,88763,266666,88764,42,88764,1305600,88764,1305600,88764,1305600,88765,1305600,88765,883200,88765,883200,88765,0,88766,0,
88743,0,88850,30,88747,3,88856,36,88860,10,88864,0,88861,104,88871,1389350,88869,0,88876,0,88877,0,88261,0,88878,2,88878,0,88878,266666,88879,33,88880,1305600,88880,1305600,88881,1305600,88881,1305600,88881,883200,88881,883200,88882,0,88882,0,
88852,0,88958,54,88856,3,88962,33,88968,45,88971,44,88969,104,88974,1761784,88973,0,88976,0,88977,0,88364,0,88978,2,88978,0,88979,266666,88979,33,88980,1305600,88980,1305600,88981,1305600,88981,1305600,88981,883200,88981,883200,88982,0,88982,0,
88958,0,89057,40,88963,3,89058,30,89060,30,89064,22,89060,104,89066,1544057,89066,25,89067,33,89067,0,88475,0,89069,2,89067,0,89069,266666,89069,33,89069,1305600,89069,1305600,89069,1305600,89069,1305600,89070,1804800,89070,1804800,89070,0,89070,0,
89057,0,89158,18,89058,3,89159,16,89160,9,89161,0,89160,104,89162,1656535,89162,33,89164,36,89165,0,88567,0,89165,2,89165,0,89165,432000,89165,33,89165,691200,89165,691200,89165,691200,89166,691200,89166,1804800,89166,1804800,89166,0,89166,0,
89158,0,89259,0,89159,3,89260,0,89261,0,89263,0,89262,104,89265,2340297,89264,50,89266,50,89267,0,88667,0,89267,2,89267,0,89268,480000,89268,33,89269,691200,89269,691200,89269,691200,89270,691200,89270,883200,89270,883200,89270,0,89271,0,
89259,0,89362,12,89260,3,89363,46,89364,18,89366,0,89365,104,89367,2134823,89367,10,89368,0,89368,0,88762,0,89369,2,89369,0,89369,480000,89369,33,89370,691200,89370,691200,89370,691200,89370,691200,89371,883200,89371,883200,89371,0,89371,0,
89362,0,89464,30,89363,3,89467,0,89472,11,89475,0,89472,104,89478,1915078,89478,8,89480,0,89482,0,88876,0,89482,2,89482,0,89483,480000,89484,33,89484,691200,89485,691200,89485,691200,89485,691200,89486,883200,89486,883200,89487,0,89487,0,
89464,0,89565,25,89468,3,89568,36,89570,0,89573,0,89571,104,89576,1931846,89576,0,89579,0,89580,0,88976,0,89580,2,89580,0,89581,480000,89582,33,89582,691200,89583,691200,89583,691200,89584,691200,89584,883200,89585,883200,89585,0,89586,0,
89565,0,89667,18,89568,3,89674,11,89679,36,89682,0,89679,104,89686,1939815,89685,0,89688,0,89690,0,89067,0,89692,2,89691,0,89693,266666,89694,33,89694,691200,89695,1305600,89696,1305600,89696,1305600,89697,883200,89697,883200,89698,0,89698,0,
89668,0,89767,14,89674,3,89770,0,89773,33,89776,11,89774,104,89779,1081156,89778,0,89781,0,89782,0,89164,0,89783,2,89783,0,89784,266666,89784,33,89785,691200,89786,691200,89786,691200,89786,691200,89787,883200,89787,883200,89788,0,89788,0,
89768,0,89868,22,89770,3,89877,20,89880,9,89882,20,89880,104,89884,958544,89884,0,89885,0,89886,0,89266,0,89886,2,89886,0,89887,266666,89887,33,89888,1305600,89888,1305600,89888,1305600,89888,1305600,89889,883200,89889,883200,89889,0,89889,0,
89869,0,89920,40,89877,3,89924,20,89927,0,89929,0,89927,104,89932,1139144,89932,0,89935,0,89936,0,89368,0,89937,2,89937,0,89937,266666,89938,33,89939,691200,89939,691200,89940,691200,89940,691200,89940,883200,89941,883200,89942,0,89942,0,
89921,0,90022,36,89924,3,90025,27,90028,10,90031,0,90028,104,90034,962528,90034,0,90037,0,90038,0,89481,0,90039,2,90039,0,90040,266666,90041,33,90042,691200,90043,691200,90043,691200,90044,691200,90044,883200,90045,883200,90045,0,90046,0,
90022,0,90123,40,90025,3,90126,30,90129,9,90132,0,90129,104,90136,974482,90135,0,90139,0,90140,0,89579,0,90141,2,90141,0,90142,266666,90143,47,90144,691200,90145,691200,90145,691200,90146,691200,90146,883200,90147,883200,90148,0,90148,0,
90123,0,90223,41,90126,3,90226,40,90229,10,90232,0,90229,104,90235,1254005,90234,0,90237,0,90238,0,89689,0,90239,2,90239,0,90240,266666,90241,47,90241,691200,90242,691200,90243,691200,90243,691200,90244,883200,90244,883200,90245,0,90245,0,
90223,0,90324,20,90226,3,90327,22,90330,18,90333,0,90330,104,90337,1192243,90336,0,90339,0,90341,0,89782,0,90342,2,90342,0,90343,266666,90344,47,90344,691200,90345,691200,90345,691200,90346,691200,90346,883200,90347,883200,90348,0,90349,0,
90324,0,90425,36,90327,3,90428,33,90431,11,90434,0,90432,104,90437,1232090,90437,0,90440,0,90442,0,89886,0,90443,2,90443,0,90444,266666,90446,0,90446,691200,90447,691200,90447,691200,90448,691200,90448,883200,90449,883200,90450,0,90450,0,
90425,0,90526,27,90428,3,90529,22,90532,10,90535,0,90533,104,90539,332118,90538,0,90542,0,90543,0,89935,0,90544,2,90544,0,90544,266666,90545,0,90546,691200,90546,691200,90547,691200,90547,691200,90548,883200,90548,883200,90549,0,90550,0,
90526,0,90626,12,90529,3,90629,25,90632,22,90635,9,90633,104,90639,350049,90638,0,90642,0,90643,0,90038,0,90645,2,90644,0,90645,266666,90646,0,90647,691200,90648,691200,90648,691200,90649,691200,90649,883200,90650,883200,90651,0,90652,0,
90627,0,90727,45,90630,3,90731,11,90734,33,90737,0,90735,104,90741,391888,90740,0,90744,0,90745,0,90139,0,90747,2,90746,0,90748,266666,90749,0,90750,691200,90751,691200,90753,691200,90754,691200,90755,883200,90758,883200,90759,0,90760,0,
90727,0,90830,60,90731,3,90833,63,90835,27,90837,0,90835,104,90839,513419,90839,0,90841,0,90842,0,90238,0,90843,2,90843,0,90843,266666,90844,0,90844,1401600,90845,1401600,90845,1401600,90845,1401600,90845,883200,90846,883200,90846,0,90846,0,
90831,0,90932,18,90833,3,90935,20,90938,10,90942,0,90939,104,90946,504077,90945,0,90949,0,90951,0,90340,0,90952,2,90951,0,90952,266666,90953,0,90954,691200,90954,691200,90955,691200,90955,691200,90955,883200,90955,883200,90956,0,90956,0,
90932,0,91032,20,90936,3,91034,30,91036,18,91038,0,91036,104,91041,350049,91040,0,91043,0,91044,0,90441,0,91044,2,91044,0,91045,266666,91045,0,91046,1305600,91046,1305600,91046,1305600,91046,1305600,91047,883200,91047,883200,91047,0,91047,0,
91032,0,91134,27,91034,3,91137,11,91140,10,91144,0,91141,104,91148,472215,91148,0,91152,0,91153,0,90542,0,91155,2,91154,0,91155,266666,91156,0,91157,1305600,91157,1305600,91158,1305600,91158,1305600,91158,883200,91159,883200,91159,0,91160,0,
91134,0,91234,25,91137,3,91237,22,91240,11,91245,0,91240,104,91249,525891,91249,0,91253,0,91254,0,90642,0,91255,2,91255,0,91256,266666,91258,0,91258,1305600,91259,1305600,91259,1305600,91259,1305600,91260,883200,91260,883200,91260,0,91261,0,
91235,0,91348,22,91237,3,91355,20,91358,30,91361,0,91359,104,91363,601037,91363,0,91365,0,91366,0,90744,0,91368,2,91367,0,91368,266666,91369,0,91370,1305600,91371,1305600,91372,1305600,91372,1305600,91373,883200,91373,883200,91374,0,91374,0,
91349,0,91443,25,91356,3,91447,22,91452,11,91457,0,91453,104,91467,525891,91466,0,91475,0,91476,0,90842,0,91476,2,91476,0,91477,266666,91477,35,91478,1305600,91478,1305600,91478,1305600,91478,1305600,91479,883200,91479,883200,91479,0,91480,0,
91444,0,91544,12,91448,3,91548,40,91551,0,91555,0,91552,104,91558,1132721,91558,0,91561,0,91562,0,90950,0,91563,2,91563,0,91563,266666,91564,35,91564,1305600,91565,1305600,91565,1305600,91565,1305600,91566,883200,91566,883200,91566,0,91566,0,
91545,0,91654,30,91548,3,91657,18,91659,27,91662,0,91660,104,91664,1256175,91664,0,91666,0,91667,0,91043,0,91668,2,91667,0,91668,266666,91669,35,91669,1305600,91670,1305600,91670,1305600,91671,1305600,91672,883200,91672,883200,91673,0,91673,0,
91655,0,91749,54,91657,3,91754,33,91756,36,91760,20,91757,104,91763,1621171,91763,0,91766,0,91767,0,91152,0,91768,2,91767,0,91768,266666,91769,35,91769,1305600,91769,1305600,91769,1305600,91770,1305600,91770,883200,91770,883200,91771,0,91771,0,
91749,0,,,91754,3,,,,,,,,,,,,,,,,,91253,0,,,,,,,,,,,,,,,,,,,,,,,,,
,,,,,,,,,,,,,,,,,,,,,,91366,0,,,,,,,,,,,,,,,,,,,,,,,,,
,,,,,,,,,,,,,,,,,,,,,,91475,0,,,,,,,,,,,,,,,,,,,,,,,,,
,,,,,,,,,,,,,,,,,,,,,,91561,0,,,,,,,,,,,,,,,,,,,,,,,,,
,,,,,,,,,,,,,,,,,,,,,,91666,0,,,,,,,,,,,,,,,,,,,,,,,,,
,,,,,,,,,,,,,,,,,,,,,,91766,0,,,,,,,,,,,,,,,,,,,,,,,,,
,,,,,,,,,,,,,,,,,,,,,,,,,,,,,,,,,,,,,,,,,,,,,,,,

System Statistics:
Sensor Id,Name,Type,Average
200,"Mobile Data State",Mobile Data State,0.0
201,"Wi-Fi State",Wi-Fi State,3.0
206,"Battery Status",Battery Status,0.0
207,"Bluetooth State",Bluetooth State,2.0
331,"Screen Brightness",Brightness,104.0
332,"Battery Power*",Power [uW],2516492.623632385
400,"GPU Frequency",GPU Frequency [KHz],300421.7702407002
401,"GPU Load",GPU Load [%],41.618161925601754
1000,"CPU1 Frequency",CPU Frequency [kHz],1281295.4048140044
1001,"CPU2 Frequency",CPU Frequency [kHz],1286168.9277899344
1002,"CPU3 Frequency",CPU Frequency [kHz],1287702.4070021883
1003,"CPU4 Frequency",CPU Frequency [kHz],1288647.7024070022
1004,"CPU5 Frequency",CPU Frequency [kHz],1178363.238512035
1005,"CPU6 Frequency",CPU Frequency [kHz],1179371.5536105032
1006,"CPU7 Frequency",CPU Frequency [kHz],40458.64332603939
1007,"CPU8 Frequency",CPU Frequency [kHz],40458.64332603939
1096,"CPU1 Load",CPU Load [%],52.74835886214442
1097,"CPU2 Load",CPU Load [%],45.796498905908095
1098,"CPU3 Load",CPU Load [%],45.810722100656456
1099,"CPU4 Load",CPU Load [%],40.14004376367615
1100,"CPU5 Load",CPU Load [%],23.64770240700219
1101,"CPU6 Load",CPU Load [%],18.838074398249454
1102,"CPU7 Load",CPU Load [%],0.8074398249452954
1103,"CPU8 Load",CPU Load [%],0.7297592997811816


